start_time,end_time,Duration (mS),Voltage (mV),Remaining_charge (mAh),Intensity (mA),Power (W),Consumed charge(mAh),Energy (J),Top app,Screen(ON/OFF),GPS(ON/OFF),Mobile_Radio(ON/OFF),WiFi(ON/OFF),Wifi radio,Camera(ON/OFF),Video (ON/OFF),Audio(ON/OFF),Wakelock_in (Service)
1695741282970,1695741282975,5,3727,1341,476.789617,1.776995,0.000662,0.008885,['com.example.robotinteraction'],True,False,False,True,True,False,False,False,['GCM_WORK' 'screen']
1695741282975,1695741286035,3060,3727,1341,476.789617,1.776995,0.405271,5.437604,['com.example.robotinteraction'],True,False,False,True,True,False,False,False,['screen']
1695741286035,1695741286040,5,3727,1341,476.789617,1.776995,0.000662,0.008885,['com.example.robotinteraction'],True,False,False,True,True,False,False,False,['GCM_WORK' 'screen']
1695741286040,1695741286319,279,3727,1341,476.789617,1.776995,0.036951,0.495782,['com.example.robotinteraction'],True,False,False,True,True,False,False,False,['screen']
1695741286319,1695741286320,1,3727,1341,476.789617,1.776995,0.000132,0.001777,['com.example.robotinteraction'],True,False,False,True,True,False,False,False,['*telephony-radio*' 'screen']
1695741286320,1695741286328,8,3727,1341,476.789617,1.776995,0.001060,0.014216,['com.example.robotinteraction'],True,False,False,True,True,False,False,False,['*telephony-radio*' 'screen']
1695741286328,1695741286329,1,3727,1341,476.789617,1.776995,0.000132,0.001777,['com.example.robotinteraction'],True,False,False,True,True,False,False,False,['*telephony-radio*' 'screen']
1695741286329,1695741293690,7361,3727,1341,476.789617,1.776995,0.974902,13.080459,['com.example.robotinteraction'],True,False,False,True,True,False,False,False,['screen']
1695741293690,1695741295309,1619,3727,1337,982.532751,3.661900,0.441867,5.928615,['com.example.robotinteraction'],True,False,False,True,True,False,False,False,['screen']
1695741295309,1695741295312,3,3727,1337,982.532751,3.661900,0.000819,0.010986,['com.example.robotinteraction'],True,False,False,True,True,False,False,False,['GCM_WORK' 'screen']
1695741295312,1695741297823,2511,3727,1337,982.532751,3.661900,0.685317,9.195030,['com.example.robotinteraction'],True,False,False,True,True,False,False,False,['screen']
1695741297823,1695741297958,135,3727,1337,982.532751,3.661900,0.036845,0.494356,['com.example.robotinteraction'],True,False,False,True,True,False,False,False,['*launch*' 'screen']
1695741297958,1695741300022,2064,3727,1337,982.532751,3.661900,0.563319,7.558161,['com.example.robotinteraction'],True,False,False,True,True,False,False,False,['screen']
1695741300022,1695741300024,2,3727,1337,982.532751,3.661900,0.000546,0.007324,['com.example.robotinteraction'],True,False,False,True,True,False,False,False,['*alarm*:TIME_TICK' 'screen']
1695741300024,1695741303812,3788,3727,1337,982.532751,3.661900,1.033843,13.871276,['com.example.robotinteraction'],True,False,False,True,True,False,False,False,['screen']
1695741303812,1695741303817,5,3727,1337,982.532751,3.661900,0.001365,0.018309,['com.example.robotinteraction'],True,False,False,True,True,False,False,False,['*alarm*:DetectMovementSPListener' 'screen']
1695741303817,1695741308271,4454,3727,1337,982.532751,3.661900,1.215611,16.310101,['com.example.robotinteraction'],True,False,False,True,True,False,False,False,['screen']
1695741308271,1695741309468,1197,3727,1337,982.532751,3.661900,0.326692,4.383294,['com.example.robotinteraction'],True,False,False,True,True,False,False,False,['*launch*' 'screen']
1695741309468,1695741313151,3683,3727,1337,982.532751,3.661900,1.005186,13.486776,['com.example.robotinteraction'],True,False,False,True,True,False,False,False,['screen']
1695741313151,1695741313302,151,3727,1337,982.532751,3.661900,0.041212,0.552947,['com.example.robotinteraction'],True,False,False,True,True,False,False,False,['*launch*' 'screen']
1695741313302,1695741316826,3524,3727,1337,982.532751,3.661900,0.961790,12.904534,['com.example.robotinteraction'],True,False,False,True,True,False,False,False,['screen']
1695741316826,1695741316829,3,3727,1337,982.532751,3.661900,0.000819,0.010986,['com.example.robotinteraction'],True,False,False,True,True,False,False,False,['GCM_WORK' 'screen']
1695741316829,1695741316854,25,3727,1337,982.532751,3.661900,0.006823,0.091547,['com.example.robotinteraction'],True,False,False,True,True,False,False,False,['screen']
1695741316854,1695741316865,11,3727,1337,982.532751,3.661900,0.003002,0.040281,['com.example.robotinteraction'],True,False,False,True,True,False,False,False,['*walarm*:com.google.android.gms.gcm.HEARTBEAT_ALARM' 'screen']
1695741316865,1695741316869,4,3727,1337,982.532751,3.661900,0.001092,0.014648,['com.example.robotinteraction'],True,False,False,True,True,False,False,False,['*walarm*:com.google.android.gms.gcm.HEARTBEAT_ALARM' 'GCM_WORK' 'screen']
1695741316869,1695741316872,3,3727,1337,982.532751,3.661900,0.000819,0.010986,['com.example.robotinteraction'],True,False,False,True,True,False,False,False,"['*walarm*:com.google.android.gms.gcm.HEARTBEAT_ALARM' 'GCM_HB_ALARM'
 'GCM_WORK' 'screen']"
1695741316872,1695741316885,13,3727,1337,982.532751,3.661900,0.003548,0.047605,['com.example.robotinteraction'],True,False,False,True,True,False,False,False,['GCM_HB_ALARM' 'GCM_WORK' 'screen']
1695741316885,1695741316887,2,3727,1337,982.532751,3.661900,0.000546,0.007324,['com.example.robotinteraction'],True,False,False,True,True,False,False,False,['GCM_WORK' 'screen']
1695741316887,1695741319911,3024,3727,1337,982.532751,3.661900,0.825328,11.073584,['com.example.robotinteraction'],True,False,False,True,True,False,False,False,['screen']
1695741319911,1695741319915,4,3727,1337,982.532751,3.661900,0.001092,0.014648,['com.example.robotinteraction'],True,False,False,True,True,False,False,False,['GCM_WORK' 'screen']
1695741319915,1695741321620,1705,3727,1337,982.532751,3.661900,0.465338,6.243539,['com.example.robotinteraction'],True,False,False,True,True,False,False,False,['screen']
1695741321620,1695741321789,169,3727,1337,982.532751,3.661900,0.046124,0.618861,['com.example.robotinteraction'],True,False,False,True,True,False,False,False,['*launch*' 'screen']
1695741321789,1695741322023,234,3727,1337,982.532751,3.661900,0.063865,0.856884,['com.example.robotinteraction'],True,False,False,True,True,False,False,False,['screen']
1695741322023,1695741322024,1,3727,1337,982.532751,3.661900,0.000273,0.003662,['com.example.robotinteraction'],True,False,False,True,True,False,False,False,['*alarm*:*job.delay*' 'screen']
1695741322024,1695741322608,584,3727,1337,982.532751,3.661900,0.159389,2.138549,['com.example.robotinteraction'],True,False,False,True,True,False,False,False,['screen']
1695741322608,1695741322612,4,3727,1337,982.532751,3.661900,0.001092,0.014648,['com.example.robotinteraction'],True,False,False,True,True,False,False,False,['GCM_READ' 'screen']
1695741322612,1695741322617,5,3727,1337,982.532751,3.661900,0.001365,0.018309,['com.example.robotinteraction'],True,False,False,True,True,False,False,False,['GCM_READ' 'GCM_WORK' 'screen']
1695741322617,1695741322637,20,3727,1337,982.532751,3.661900,0.005459,0.073238,['com.example.robotinteraction'],True,False,False,True,True,False,False,False,['GCM_WORK' 'screen']
1695741322637,1695741322641,4,3727,1337,982.532751,3.661900,0.001092,0.014648,['com.example.robotinteraction'],True,False,False,True,True,False,False,False,['screen']
1695741322641,1695741322675,34,3727,1337,982.532751,3.661900,0.009279,0.124505,['com.example.robotinteraction'],True,False,False,True,True,False,False,False,"['*job*/com.android.vending/com.google.android.finsky.scheduler.process.mainimpl.PhoneskyJobServiceMain'
 'screen']"
1695741322675,1695741322683,8,3727,1337,982.532751,3.661900,0.002183,0.029295,['com.example.robotinteraction'],True,False,False,True,True,False,False,False,"['GCM_READ'
 '*job*/com.android.vending/com.google.android.finsky.scheduler.process.mainimpl.PhoneskyJobServiceMain'
 'screen']"
1695741322683,1695741322702,19,3727,1337,982.532751,3.661900,0.005186,0.069576,['com.example.robotinteraction'],True,False,False,True,True,False,False,False,"['GCM_WORK'
 '*job*/com.android.vending/com.google.android.finsky.scheduler.process.mainimpl.PhoneskyJobServiceMain'
 'screen']"
1695741322702,1695741322704,2,3727,1337,982.532751,3.661900,0.000546,0.007324,['com.example.robotinteraction'],True,False,False,True,True,False,False,False,"['*job*/com.android.vending/com.google.android.finsky.scheduler.process.mainimpl.PhoneskyJobServiceMain'
 'screen']"
1695741322704,1695741322713,9,3727,1337,982.532751,3.661900,0.002456,0.032957,['com.example.robotinteraction'],True,False,False,True,True,False,False,False,"['GCM_WORK'
 '*job*/com.android.vending/com.google.android.finsky.scheduler.process.mainimpl.PhoneskyJobServiceMain'
 'screen']"
1695741322713,1695741322743,30,3727,1337,982.532751,3.661900,0.008188,0.109857,['com.example.robotinteraction'],True,False,False,True,True,False,False,False,"['*job*/com.android.vending/com.google.android.finsky.scheduler.process.mainimpl.PhoneskyJobServiceMain'
 'screen']"
1695741322743,1695741322744,1,3727,1337,982.532751,3.661900,0.000273,0.003662,['com.example.robotinteraction'],True,False,False,True,True,False,False,False,"['*telephony-sem-radio*'
 '*job*/com.android.vending/com.google.android.finsky.scheduler.process.mainimpl.PhoneskyJobServiceMain'
 'screen']"
1695741322744,1695741322745,1,3727,1337,982.532751,3.661900,0.000273,0.003662,['com.example.robotinteraction'],True,False,False,True,True,False,False,False,"['*job*/com.android.vending/com.google.android.finsky.scheduler.process.mainimpl.PhoneskyJobServiceMain'
 'screen']"
1695741322745,1695741322747,2,3727,1337,982.532751,3.661900,0.000546,0.007324,['com.example.robotinteraction'],True,False,False,True,True,False,False,False,"['*telephony-sem-radio*'
 '*job*/com.android.vending/com.google.android.finsky.scheduler.process.mainimpl.PhoneskyJobServiceMain'
 'screen']"
1695741322747,1695741322748,1,3727,1337,982.532751,3.661900,0.000273,0.003662,['com.example.robotinteraction'],True,False,False,True,True,False,False,False,"['*telephony-sem-radio*'
 '*job*/com.android.vending/com.google.android.finsky.scheduler.process.mainimpl.PhoneskyJobServiceMain'
 'screen']"
1695741322748,1695741322751,3,3727,1337,982.532751,3.661900,0.000819,0.010986,['com.example.robotinteraction'],True,False,False,True,True,False,False,False,"['*job*/com.android.vending/com.google.android.finsky.scheduler.process.mainimpl.PhoneskyJobServiceMain'
 'screen']"
1695741322751,1695741322753,2,3727,1337,982.532751,3.661900,0.000546,0.007324,['com.example.robotinteraction'],True,False,False,True,True,False,False,False,"['*telephony-sem-radio*'
 '*job*/com.android.vending/com.google.android.finsky.scheduler.process.mainimpl.PhoneskyJobServiceMain'
 'screen']"
1695741322753,1695741322873,120,3727,1337,982.532751,3.661900,0.032751,0.439428,['com.example.robotinteraction'],True,False,False,True,True,False,False,False,"['*job*/com.android.vending/com.google.android.finsky.scheduler.process.mainimpl.PhoneskyJobServiceMain'
 'screen']"
1695741322873,1695741323002,129,3727,1337,982.532751,3.661900,0.035207,0.472385,['com.example.robotinteraction'],True,False,False,True,True,False,False,False,['screen']
1695741323002,1695741325107,2105,3727,1329,463.275746,1.726629,0.270888,3.634553,['com.example.robotinteraction'],True,False,False,True,True,False,False,False,['screen']
1695741325107,1695741325344,237,3727,1329,463.275746,1.726629,0.030499,0.409211,['com.example.robotinteraction'],True,False,False,True,True,False,False,False,"['*job*/com.android.vending/com.google.android.finsky.scheduler.process.mainimpl.PhoneskyJobServiceMain'
 'screen']"
1695741325344,1695741327502,2158,3727,1329,463.275746,1.726629,0.277708,3.726065,['com.example.robotinteraction'],True,False,False,True,True,False,False,False,['screen']
1695741327502,1695741327782,280,3727,1329,463.275746,1.726629,0.036033,0.483456,['com.example.robotinteraction'],True,False,False,True,True,False,False,False,"['*job*/com.android.vending/com.google.android.finsky.scheduler.process.mainimpl.PhoneskyJobServiceMain'
 'screen']"
1695741327782,1695741329029,1247,3727,1329,463.275746,1.726629,0.160474,2.153106,['com.example.robotinteraction'],True,False,False,True,True,False,False,False,['screen']
1695741329029,1695741329104,75,3727,1329,463.275746,1.726629,0.009652,0.129497,['com.example.robotinteraction'],True,False,False,True,True,False,False,False,['NetworkStats' 'screen']
1695741329104,1695741329968,864,3727,1329,463.275746,1.726629,0.111186,1.491807,['com.example.robotinteraction'],True,False,False,True,True,False,False,False,['screen']
1695741329968,1695741330211,243,3727,1329,463.275746,1.726629,0.031271,0.419571,['com.example.robotinteraction'],True,False,False,True,True,False,False,False,"['*job*/com.android.vending/com.google.android.finsky.scheduler.process.mainimpl.PhoneskyJobServiceMain'
 'screen']"
1695741330211,1695741346238,16027,3727,1329,463.275746,1.726629,2.062478,27.672678,['com.example.robotinteraction'],True,False,False,True,True,False,False,False,['screen']
1695741346238,1695741346342,104,3727,1329,463.275746,1.726629,0.013384,0.179569,['com.example.robotinteraction'],True,False,False,True,True,False,False,False,['*launch*' 'screen']
1695741346342,1695741346524,182,3727,1329,463.275746,1.726629,0.023421,0.314246,['com.example.robotinteraction'],True,False,False,True,True,False,False,False,['screen']
1695741346524,1695741346525,1,3727,1329,463.275746,1.726629,0.000129,0.001727,['com.example.robotinteraction'],True,False,False,True,True,False,False,False,['*telephony-radio*' 'screen']
1695741346525,1695741346531,6,3727,1329,463.275746,1.726629,0.000772,0.010360,['com.example.robotinteraction'],True,False,False,True,True,False,False,False,['*telephony-radio*' 'screen']
1695741346531,1695741346532,1,3727,1329,463.275746,1.726629,0.000129,0.001727,['com.example.robotinteraction'],True,False,False,True,True,False,False,False,['*telephony-radio*' 'screen']
1695741346532,1695741347063,531,3727,1329,463.275746,1.726629,0.068333,0.916840,['com.example.robotinteraction'],True,False,False,True,True,False,False,False,['screen']
1695741347063,1695741347238,175,3727,1329,463.275746,1.726629,0.022520,0.302160,['com.example.robotinteraction'],True,False,False,True,True,False,False,False,['*launch*' 'screen']
1695741347238,1695741347416,178,3727,1329,463.275746,1.726629,0.022906,0.307340,['com.example.robotinteraction'],True,False,False,True,True,False,False,False,['screen']
1695741347416,1695741347417,1,3727,1329,463.275746,1.726629,0.000129,0.001727,['com.example.robotinteraction'],True,False,False,True,True,False,False,False,['GCM_WORK' 'screen']
1695741347417,1695741354085,6668,3727,1329,463.275746,1.726629,0.858090,11.513160,['com.example.robotinteraction'],True,False,False,True,True,False,False,False,['screen']
1695741354085,1695741355595,1510,3727,1325,2410.848820,8.985234,1.011217,13.567703,['com.example.robotinteraction'],True,False,False,True,True,False,False,False,['screen']
1695741355595,1695741355599,4,3727,1325,2410.848820,8.985234,0.002679,0.035941,['com.example.robotinteraction'],True,False,False,True,True,False,False,False,['*launch*' 'screen']
1695741355599,1695741355683,84,3727,1325,2410.848820,8.985234,0.056253,0.754760,['com.sec.android.app.launcher'],True,False,False,True,True,False,False,False,['*launch*' 'screen']
1695741355683,1695741356623,940,3727,1325,2410.848820,8.985234,0.629499,8.446120,['com.sec.android.app.launcher'],True,False,False,True,True,False,False,False,['screen']
1695741356623,1695741356625,2,3727,1325,2410.848820,8.985234,0.001339,0.017970,['com.sec.android.app.launcher'],True,False,False,True,True,False,False,False,['GCM_WORK' 'screen']
