start_time,end_time,Duration (mS),Voltage (mV),Remaining_charge (mAh),Intensity (mA),Power (W),Consumed charge(mAh),Energy (J),Top app,Screen(ON/OFF),GPS(ON/OFF),Mobile_Radio(ON/OFF),WiFi(ON/OFF),Wifi radio,Camera(ON/OFF),Video (ON/OFF),Audio(ON/OFF),Wakelock_in (Service)
1695985683015,1695985683029,14,3768,1337,462.687766,1.743408,0.001799,0.024408,['com.example.robotinteractionOttimizzata'],True,False,False,True,True,False,False,False,"['*job*/com.facebook.orca/com.facebook.messaging.livelocation.bindings.MessengerLiveLocationBooterService'
 '*job*/com.sec.android.diagmonagent/.sa.scheduler.DiagnosticUploadJobService'
 '*job*/com.whatsapp/androidx.work.impl.background.systemjob.SystemJobService']"
1695985683029,1695985683353,324,3768,1337,462.687766,1.743408,0.041642,0.564864,['com.example.robotinteractionOttimizzata'],True,False,False,True,True,False,False,False,"['*job*/com.sec.android.diagmonagent/.sa.scheduler.DiagnosticUploadJobService'
 '*job*/com.whatsapp/androidx.work.impl.background.systemjob.SystemJobService']"
1695985683353,1695985683360,7,3768,1337,462.687766,1.743408,0.000900,0.012204,['com.example.robotinteractionOttimizzata'],True,False,False,True,True,False,False,False,"['*alarm*:*job.delay*'
 '*job*/com.sec.android.diagmonagent/.sa.scheduler.DiagnosticUploadJobService'
 '*job*/com.whatsapp/androidx.work.impl.background.systemjob.SystemJobService']"
1695985683360,1695985683382,22,3768,1337,462.687766,1.743408,0.002828,0.038355,['com.example.robotinteractionOttimizzata'],True,False,False,True,True,False,False,False,"['*job*/com.sec.android.diagmonagent/.sa.scheduler.DiagnosticUploadJobService'
 '*job*/com.whatsapp/androidx.work.impl.background.systemjob.SystemJobService']"
1695985683382,1695985683924,542,3768,1337,462.687766,1.743408,0.069660,0.944927,['com.example.robotinteractionOttimizzata'],True,False,False,True,True,False,False,False,"['*job*/com.facebook.orca/com.facebook.push.registration.FacebookPushServerFinishNotifiedLollipopService'
 '*job*/com.sec.android.diagmonagent/.sa.scheduler.DiagnosticUploadJobService'
 '*job*/com.whatsapp/androidx.work.impl.background.systemjob.SystemJobService']"
1695985683924,1695985684530,606,3768,1337,462.687766,1.743408,0.077886,1.056505,['com.example.robotinteractionOttimizzata'],True,False,False,True,True,False,False,False,"['*job*/com.sec.android.diagmonagent/.sa.scheduler.DiagnosticUploadJobService'
 '*job*/com.whatsapp/androidx.work.impl.background.systemjob.SystemJobService']"
1695985684530,1695985684535,5,3768,1337,462.687766,1.743408,0.000643,0.008717,['com.example.robotinteractionOttimizzata'],True,False,False,True,True,False,False,False,"['GCM_WORK'
 '*job*/com.sec.android.diagmonagent/.sa.scheduler.DiagnosticUploadJobService'
 '*job*/com.whatsapp/androidx.work.impl.background.systemjob.SystemJobService']"
1695985684535,1695985686403,1868,3768,1337,462.687766,1.743408,0.240084,3.256685,['com.example.robotinteractionOttimizzata'],True,False,False,True,True,False,False,False,"['*job*/com.sec.android.diagmonagent/.sa.scheduler.DiagnosticUploadJobService'
 '*job*/com.whatsapp/androidx.work.impl.background.systemjob.SystemJobService']"
1695985686403,1695985687600,1197,3768,1337,462.687766,1.743408,0.153844,2.086859,['com.example.robotinteractionOttimizzata'],True,False,False,True,True,False,False,False,['*job*/com.whatsapp/androidx.work.impl.background.systemjob.SystemJobService']
1695985687600,1695985687614,14,3768,1337,462.687766,1.743408,0.001799,0.024408,['com.example.robotinteractionOttimizzata'],True,False,False,True,True,False,False,False,"['GCM_WORK'
 '*job*/com.whatsapp/androidx.work.impl.background.systemjob.SystemJobService']"
1695985687614,1695985691592,3978,3768,1337,462.687766,1.743408,0.511270,6.935275,['com.example.robotinteractionOttimizzata'],True,False,False,True,True,False,False,False,['*job*/com.whatsapp/androidx.work.impl.background.systemjob.SystemJobService']
1695985691592,1695985691624,32,3768,1337,462.687766,1.743408,0.004113,0.055789,['com.example.robotinteractionOttimizzata'],True,False,False,True,True,False,False,False,0.0
1695985691624,1695985691637,13,3768,1337,462.687766,1.743408,0.001671,0.022664,['com.example.robotinteractionOttimizzata'],True,False,False,True,True,False,False,False,['*job*/com.whatsapp/androidx.work.impl.background.systemjob.SystemJobService']
1695985691637,1695985693769,2132,3768,1337,462.687766,1.743408,0.274014,3.716945,['com.example.robotinteractionOttimizzata'],True,False,False,True,True,False,False,False,0.0
1695985693769,1695985693773,4,3768,1337,462.687766,1.743408,0.000514,0.006974,['com.example.robotinteractionOttimizzata'],True,False,False,True,True,False,False,False,['GCM_WORK']
1695985693773,1695985696843,3070,3768,1337,462.687766,1.743408,0.394570,5.352261,['com.example.robotinteractionOttimizzata'],True,False,False,True,True,False,False,False,0.0
1695985696843,1695985696850,7,3768,1337,462.687766,1.743408,0.000900,0.012204,['com.example.robotinteractionOttimizzata'],True,False,False,True,True,False,False,False,['GCM_WORK']
1695985696850,1695985699817,2967,3768,1337,462.687766,1.743408,0.381332,5.172690,['com.example.robotinteractionOttimizzata'],True,False,False,True,True,False,False,False,0.0
1695985699817,1695985711220,11403,3768,1337,462.687766,1.743408,1.465563,19.880076,['com.example.robotinteractionOttimizzata'],True,False,False,True,True,False,False,False,['*job*/com.whatsapp/androidx.work.impl.background.systemjob.SystemJobService']
1695985711220,1695985711368,148,3768,1337,462.687766,1.743408,0.019022,0.258024,['com.example.robotinteractionOttimizzata'],True,False,False,True,True,False,False,False,"['*launch*'
 '*job*/com.whatsapp/androidx.work.impl.background.systemjob.SystemJobService']"
1695985711368,1695985711738,370,3768,1337,462.687766,1.743408,0.047554,0.645061,['com.example.robotinteractionOttimizzata'],True,False,False,True,True,False,False,False,['*job*/com.whatsapp/androidx.work.impl.background.systemjob.SystemJobService']
1695985711738,1695985712689,951,3768,1337,462.687766,1.743408,0.122227,1.657981,['com.example.robotinteractionOttimizzata'],True,False,False,True,True,False,False,False,"['NetworkStats'
 '*job*/com.whatsapp/androidx.work.impl.background.systemjob.SystemJobService']"
1695985712689,1695985723675,10986,3768,1337,462.687766,1.743408,1.411969,19.153075,['com.example.robotinteractionOttimizzata'],True,False,False,True,True,False,False,False,['*job*/com.whatsapp/androidx.work.impl.background.systemjob.SystemJobService']
1695985723675,1695985724534,859,3768,1337,462.687766,1.743408,0.110402,1.497587,['com.example.robotinteractionOttimizzata'],True,False,False,True,True,False,False,False,"['*launch*'
 '*job*/com.whatsapp/androidx.work.impl.background.systemjob.SystemJobService']"
1695985724534,1695985724535,1,3768,1337,462.687766,1.743408,0.000129,0.001743,['com.example.robotinteractionOttimizzata'],True,False,False,True,True,False,False,False,"['GCM_WORK' '*launch*'
 '*job*/com.whatsapp/androidx.work.impl.background.systemjob.SystemJobService']"
1695985724535,1695985724854,319,3768,1337,462.687766,1.743408,0.040999,0.556147,['com.example.robotinteractionOttimizzata'],True,False,False,True,True,False,False,False,"['*launch*'
 '*job*/com.whatsapp/androidx.work.impl.background.systemjob.SystemJobService']"
1695985724854,1695985729876,5022,3768,1337,462.687766,1.743408,0.645449,8.755392,['com.example.robotinteractionOttimizzata'],True,False,False,True,True,False,False,False,['*job*/com.whatsapp/androidx.work.impl.background.systemjob.SystemJobService']
1695985729876,1695985729929,53,3768,1337,462.687766,1.743408,0.006812,0.092401,['com.example.robotinteractionOttimizzata'],True,False,False,True,True,False,False,False,0.0
1695985729929,1695985729948,19,3768,1337,462.687766,1.743408,0.002442,0.033125,['com.example.robotinteractionOttimizzata'],True,False,False,True,True,False,False,False,['*job*/com.whatsapp/androidx.work.impl.background.systemjob.SystemJobService']
1695985729948,1695985730193,245,3768,1337,462.687766,1.743408,0.031488,0.427135,['com.example.robotinteractionOttimizzata'],True,False,False,True,True,False,False,False,0.0
1695985730193,1695985730752,559,3768,1337,462.687766,1.743408,0.071845,0.974565,['com.example.robotinteractionOttimizzata'],True,False,False,True,True,False,False,False,['*job*/com.whatsapp/androidx.work.impl.background.systemjob.SystemJobService']
1695985730752,1695985730761,9,3768,1337,462.687766,1.743408,0.001157,0.015691,['com.example.robotinteractionOttimizzata'],True,False,False,True,True,False,False,False,"['GCM_WORK'
 '*job*/com.whatsapp/androidx.work.impl.background.systemjob.SystemJobService']"
1695985730761,1695985733033,2272,3768,1337,462.687766,1.743408,0.292007,3.961022,['com.example.robotinteractionOttimizzata'],True,False,False,True,True,False,False,False,['*job*/com.whatsapp/androidx.work.impl.background.systemjob.SystemJobService']
1695985733033,1695985733043,10,3768,1337,462.687766,1.743408,0.001285,0.017434,['com.example.robotinteractionOttimizzata'],True,False,False,True,True,False,False,False,"['*launch*'
 '*job*/com.whatsapp/androidx.work.impl.background.systemjob.SystemJobService']"
1695985733043,1695985733132,89,3768,1337,462.687766,1.743408,0.011439,0.155163,['com.sec.android.app.launcher'],True,False,False,True,True,False,False,False,"['*launch*'
 '*job*/com.whatsapp/androidx.work.impl.background.systemjob.SystemJobService']"
1695985733132,1695985733786,654,3768,1337,462.687766,1.743408,0.084055,1.140189,['com.sec.android.app.launcher'],True,False,False,True,True,False,False,False,['*job*/com.whatsapp/androidx.work.impl.background.systemjob.SystemJobService']
1695985733786,1695985733788,2,3768,1337,462.687766,1.743408,0.000257,0.003487,['com.sec.android.app.launcher'],True,False,False,True,True,False,False,False,"['GCM_WORK'
 '*job*/com.whatsapp/androidx.work.impl.background.systemjob.SystemJobService']"
1695985733788,1695985735860,2072,3768,1337,462.687766,1.743408,0.266303,3.612340,['com.sec.android.app.launcher'],True,False,False,True,True,False,False,False,['*job*/com.whatsapp/androidx.work.impl.background.systemjob.SystemJobService']
1695985735860,1695985735877,17,3768,1337,462.687766,1.743408,0.002185,0.029638,['com.sec.android.app.launcher'],True,False,False,True,True,False,False,False,"['*alarm*:com.whatsapp.action.HOURLY_CRON'
 '*job*/com.whatsapp/androidx.work.impl.background.systemjob.SystemJobService']"
1695985735877,1695985735918,41,3768,1337,462.687766,1.743408,0.005269,0.071480,['com.sec.android.app.launcher'],True,False,False,True,True,False,False,False,['*job*/com.whatsapp/androidx.work.impl.background.systemjob.SystemJobService']
1695985735918,1695985735919,1,3768,1337,462.687766,1.743408,0.000129,0.001743,['com.sec.android.app.launcher'],True,False,False,True,True,False,False,False,"['*job*/com.whatsapp/.AlarmService'
 '*job*/com.whatsapp/androidx.work.impl.background.systemjob.SystemJobService']"
1695985735919,1695985735933,14,3768,1337,462.687766,1.743408,0.001799,0.024408,['com.sec.android.app.launcher'],True,False,False,True,True,False,False,False,"['*job*/com.facebook.orca/com.facebook.push.fcm.GetFcmTokenRegistrarLollipopService'
 '*job*/com.whatsapp/.AlarmService'
 '*job*/com.whatsapp/androidx.work.impl.background.systemjob.SystemJobService']"
1695985735933,1695985735956,23,3768,1337,462.687766,1.743408,0.002956,0.040098,['com.sec.android.app.launcher'],True,False,False,True,True,False,False,False,"['*job*/com.whatsapp/.AlarmService'
 '*job*/com.whatsapp/androidx.work.impl.background.systemjob.SystemJobService']"
1695985735956,1695985735962,6,3768,1337,462.687766,1.743408,0.000771,0.010460,['com.sec.android.app.launcher'],True,False,False,True,True,False,False,False,['*job*/com.whatsapp/androidx.work.impl.background.systemjob.SystemJobService']
1695985735962,1695985735966,4,3768,1337,462.687766,1.743408,0.000514,0.006974,['com.sec.android.app.launcher'],True,False,False,True,True,False,False,False,"['*job*/com.facebook.orca/com.facebook.push.registration.FacebookPushServerFinishNotifiedLollipopService'
 '*job*/com.whatsapp/androidx.work.impl.background.systemjob.SystemJobService']"
