start_time,end_time,Duration (mS),Voltage (mV),Remaining_charge (mAh),Intensity (mA),Power (W),Consumed charge(mAh),Energy (J),Top app,Screen(ON/OFF),GPS(ON/OFF),Mobile_Radio(ON/OFF),WiFi(ON/OFF),Wifi radio,Camera(ON/OFF),Video (ON/OFF),Audio(ON/OFF),Wakelock_in (Service)
1695908610556,1695908610573,17,3780,1250,159.258563,0.601997,0.000752,0.010234,['com.android.settings'],True,False,False,True,True,False,False,False,['*launch*' 'screen']
1695908610573,1695908610895,322,3780,1250,159.258563,0.601997,0.014245,0.193843,['com.example.robotinteraction'],True,False,False,True,True,False,False,False,['*launch*' 'screen']
1695908610895,1695908619181,8286,3780,1250,159.258563,0.601997,0.366560,4.988150,['com.example.robotinteraction'],True,False,False,True,True,False,False,False,['screen']
1695908619181,1695908619194,13,3780,1250,159.258563,0.601997,0.000575,0.007826,['com.example.robotinteraction'],True,False,False,True,True,False,False,False,['*alarm*:DetectMovementSPListener' 'screen']
1695908619194,1695908621315,2121,3780,1250,159.258563,0.601997,0.093830,1.276836,['com.example.robotinteraction'],True,False,False,True,True,False,False,False,['screen']
1695908621315,1695908621316,1,3780,1250,159.258563,0.601997,0.000044,0.000602,['com.example.robotinteraction'],True,False,False,True,True,False,False,False,"['*alarm*:StatsCompanionService.pull'
 'com.android.server.stats.StatsCompanionService.PullingAlarmListener'
 'screen']"
1695908621316,1695908621363,47,3780,1250,159.258563,0.601997,0.002079,0.028294,['com.example.robotinteraction'],True,False,False,True,True,False,False,False,"['com.android.server.stats.StatsCompanionService.PullingAlarmListener'
 'screen']"
1695908621363,1695908622026,663,3780,1250,159.258563,0.601997,0.029330,0.399124,['com.example.robotinteraction'],True,False,False,True,True,False,False,False,['screen']
1695908622026,1695908629008,6982,3706,1250,159.258563,0.590212,0.308873,4.120862,['com.example.robotinteraction'],True,False,False,True,True,False,False,False,['screen']
1695908629008,1695908629046,38,3706,1250,159.258563,0.590212,0.001681,0.022428,['com.example.robotinteraction'],True,False,False,True,True,False,False,False,"['*walarm*:com.google.android.chimera.IntentOperation.TARGETED_INTENT'
 'screen']"
1695908629046,1695908629061,15,3706,1250,159.258563,0.590212,0.000664,0.008853,['com.example.robotinteraction'],True,False,False,True,True,False,False,False,"['*walarm*:com.google.android.chimera.IntentOperation.TARGETED_INTENT'
 'IntentOp:com.google.android.gms/.chimera.PersistentIntentOperationService'
 'screen']"
1695908629061,1695908629076,15,3706,1250,159.258563,0.590212,0.000664,0.008853,['com.example.robotinteraction'],True,False,False,True,True,False,False,False,"['IntentOp:com.google.android.gms/.chimera.PersistentIntentOperationService'
 'screen']"
1695908629076,1695908629081,5,3706,1250,159.258563,0.590212,0.000221,0.002951,['com.example.robotinteraction'],True,False,False,True,True,False,False,False,"['IntentOp:com.google.android.gms/.chimera.PersistentIntentOperationService'
 'IntentOp:.gcm.clientqueue.MessageRetryIntentOperation' 'screen']"
1695908629081,1695908629084,3,3706,1250,159.258563,0.590212,0.000133,0.001771,['com.example.robotinteraction'],True,False,False,True,True,False,False,False,['IntentOp:.gcm.clientqueue.MessageRetryIntentOperation' 'screen']
1695908629084,1695908629092,8,3706,1250,159.258563,0.590212,0.000354,0.004722,['com.example.robotinteraction'],True,False,False,True,True,False,False,False,"['GOOGLE_C2DM' 'IntentOp:.gcm.clientqueue.MessageRetryIntentOperation'
 'screen']"
1695908629092,1695908629100,8,3706,1250,159.258563,0.590212,0.000354,0.004722,['com.example.robotinteraction'],True,False,False,True,True,False,False,False,['IntentOp:.gcm.clientqueue.MessageRetryIntentOperation' 'screen']
1695908629100,1695908629107,7,3706,1250,159.258563,0.590212,0.000310,0.004131,['com.example.robotinteraction'],True,False,False,True,True,False,False,False,"['GOOGLE_C2DM' 'IntentOp:.gcm.clientqueue.MessageRetryIntentOperation'
 'screen']"
1695908629107,1695908629109,2,3706,1250,159.258563,0.590212,0.000088,0.001180,['com.example.robotinteraction'],True,False,False,True,True,False,False,False,['IntentOp:.gcm.clientqueue.MessageRetryIntentOperation' 'screen']
1695908629109,1695908630033,924,3706,1250,159.258563,0.590212,0.040876,0.545356,['com.example.robotinteraction'],True,False,False,True,True,False,False,False,['screen']
1695908630033,1695908630038,5,3706,1250,159.258563,0.590212,0.000221,0.002951,['com.example.robotinteraction'],True,False,False,True,True,False,False,False,['GCM_WORK' 'screen']
1695908630038,1695908633149,3111,3706,1250,159.258563,0.590212,0.137626,1.836150,['com.example.robotinteraction'],True,False,False,True,True,False,False,False,['screen']
1695908633149,1695908633153,4,3706,1250,159.258563,0.590212,0.000177,0.002361,['com.example.robotinteraction'],True,False,False,True,True,False,False,False,['GCM_WORK' 'screen']
1695908633153,1695908634119,966,3706,1250,159.258563,0.590212,0.042734,0.570145,['com.example.robotinteraction'],True,False,False,True,True,False,False,False,['screen']
1695908634119,1695908634131,12,3706,1250,159.258563,0.590212,0.000531,0.007083,['com.example.robotinteraction'],True,False,False,True,True,False,False,False,"['*walarm*:com.google.android.chimera.IntentOperation.TARGETED_INTENT'
 'screen']"
1695908634131,1695908634141,10,3706,1250,159.258563,0.590212,0.000442,0.005902,['com.example.robotinteraction'],True,False,False,True,True,False,False,False,"['*walarm*:com.google.android.chimera.IntentOperation.TARGETED_INTENT'
 'IntentOp:com.google.android.gms/.chimera.PersistentIntentOperationService'
 'screen']"
1695908634141,1695908634147,6,3706,1250,159.258563,0.590212,0.000265,0.003541,['com.example.robotinteraction'],True,False,False,True,True,False,False,False,"['IntentOp:com.google.android.gms/.chimera.PersistentIntentOperationService'
 'screen']"
1695908634147,1695908634152,5,3706,1250,159.258563,0.590212,0.000221,0.002951,['com.example.robotinteraction'],True,False,False,True,True,False,False,False,"['IntentOp:com.google.android.gms/.chimera.PersistentIntentOperationService'
 'IntentOp:.gcm.clientqueue.MessageRetryIntentOperation' 'screen']"
1695908634152,1695908634162,10,3706,1250,159.258563,0.590212,0.000442,0.005902,['com.example.robotinteraction'],True,False,False,True,True,False,False,False,"['GOOGLE_C2DM' 'IntentOp:.gcm.clientqueue.MessageRetryIntentOperation'
 'screen']"
1695908634162,1695908634166,4,3706,1250,159.258563,0.590212,0.000177,0.002361,['com.example.robotinteraction'],True,False,False,True,True,False,False,False,['IntentOp:.gcm.clientqueue.MessageRetryIntentOperation' 'screen']
1695908634166,1695908636285,2119,3706,1250,159.258563,0.590212,0.093741,1.250660,['com.example.robotinteraction'],True,False,False,True,True,False,False,False,['screen']
1695908636285,1695908636296,11,3706,1250,159.258563,0.590212,0.000487,0.006492,['com.example.robotinteraction'],True,False,False,True,True,False,False,False,['GCM_WORK' 'screen']
1695908636296,1695908638539,2243,3706,1250,159.258563,0.590212,0.099227,1.323846,['com.example.robotinteraction'],True,False,False,True,True,False,False,False,['screen']
1695908638539,1695908639373,834,3706,1250,159.258563,0.590212,0.036895,0.492237,['com.example.robotinteraction'],True,False,False,True,True,False,False,False,['GCM_WORK' 'screen']
1695908639373,1695908640028,655,3706,1250,159.258563,0.590212,0.028976,0.386589,['com.example.robotinteraction'],True,False,False,True,True,False,False,False,['screen']
1695908640028,1695908640035,7,3706,1250,159.258563,0.590212,0.000310,0.004131,['com.example.robotinteraction'],True,False,False,True,True,False,False,False,['*alarm*:TIME_TICK' 'screen']
1695908640035,1695908642571,2536,3706,1250,159.258563,0.590212,0.112189,1.496778,['com.example.robotinteraction'],True,False,False,True,True,False,False,False,['screen']
1695908642571,1695908642737,166,3706,1250,159.258563,0.590212,0.007344,0.097975,['com.example.robotinteraction'],True,False,False,True,True,False,False,False,['*launch*' 'screen']
1695908642737,1695908652223,9486,3706,1250,159.258563,0.590212,0.419646,5.598753,['com.example.robotinteraction'],True,False,False,True,True,False,False,False,['screen']
1695908652223,1695908654051,1828,3736,1250,159.258563,0.594990,0.080868,1.087642,['com.example.robotinteraction'],True,False,False,True,True,False,False,False,['screen']
1695908654051,1695908654079,28,3736,1250,159.258563,0.594990,0.001239,0.016660,['com.example.robotinteraction'],True,False,False,True,True,False,False,False,"['*alarm*:com.facebook.rti.mqtt.common.b.p.ACTION_ALARM.PreloadedFBNS.com.facebook.services'
 'screen']"
1695908654079,1695908656025,1946,3736,1250,159.258563,0.594990,0.086088,1.157851,['com.example.robotinteraction'],True,False,False,True,True,False,False,False,['screen']
1695908656025,1695908657180,1155,3736,1250,159.258563,0.594990,0.051095,0.687213,['com.example.robotinteraction'],True,False,False,True,True,False,False,False,['*launch*' 'screen']
1695908657180,1695908663866,6686,3736,1250,159.258563,0.594990,0.295779,3.978103,['com.example.robotinteraction'],True,False,False,True,True,False,False,False,['screen']
1695908663866,1695908663990,124,3736,1250,159.258563,0.594990,0.005486,0.073779,['com.example.robotinteraction'],True,False,False,True,True,False,False,False,['*launch*' 'screen']
1695908663990,1695908675301,11311,3736,1250,159.258563,0.594990,0.500382,6.729932,['com.example.robotinteraction'],True,False,False,True,True,False,False,False,['screen']
1695908675301,1695908675469,168,3736,1250,159.258563,0.594990,0.007432,0.099958,['com.example.robotinteraction'],True,False,False,True,True,False,False,False,['*launch*' 'screen']
1695908675469,1695908679185,3716,3736,1250,159.258563,0.594990,0.164390,2.210983,['com.example.robotinteraction'],True,False,False,True,True,False,False,False,['screen']
1695908679185,1695908679192,7,3736,1250,159.258563,0.594990,0.000310,0.004165,['com.example.robotinteraction'],True,False,False,True,True,False,False,False,['*alarm*:DetectMovementSPListener' 'screen']
1695908679192,1695908682428,3236,3736,1250,159.258563,0.594990,0.143156,1.925388,['com.example.robotinteraction'],True,False,False,True,True,False,False,False,['screen']
1695908682428,1695908699914,17486,3736,1246,478.055906,1.786017,2.322024,31.230291,['com.example.robotinteraction'],True,False,False,True,True,False,False,False,['screen']
1695908699914,1695908700024,110,3736,1246,478.055906,1.786017,0.014607,0.196462,['com.example.robotinteraction'],True,False,False,True,True,False,False,False,['*launch*' 'screen']
1695908700024,1695908700025,1,3736,1246,478.055906,1.786017,0.000133,0.001786,['com.example.robotinteraction'],True,False,False,True,True,False,False,False,['*alarm*:TIME_TICK' '*launch*' 'screen']
1695908700025,1695908700045,20,3736,1246,478.055906,1.786017,0.002656,0.035720,['com.example.robotinteraction'],True,False,False,True,True,False,False,False,['*launch*' 'screen']
1695908700045,1695908700621,576,3736,1246,478.055906,1.786017,0.076489,1.028746,['com.example.robotinteraction'],True,False,False,True,True,False,False,False,['screen']
1695908700621,1695908700628,7,3736,1246,478.055906,1.786017,0.000930,0.012502,['com.example.robotinteraction'],True,False,False,True,True,False,False,False,['*walarm*:DeviceIdleController.motion' 'screen']
1695908700628,1695908700636,8,3736,1246,478.055906,1.786017,0.001062,0.014288,['com.example.robotinteraction'],True,False,False,True,True,False,False,False,['*alarm*' 'screen']
1695908700636,1695908700640,4,3736,1246,478.055906,1.786017,0.000531,0.007144,['com.example.robotinteraction'],True,False,False,True,True,False,False,False,['*alarm*' 'screen']
1695908700640,1695908700751,111,3736,1246,478.055906,1.786017,0.014740,0.198248,['com.example.robotinteraction'],True,False,False,True,True,False,False,False,['screen']
1695908700751,1695908700878,127,3736,1246,478.055906,1.786017,0.016865,0.226824,['com.example.robotinteraction'],True,False,False,True,True,False,False,False,['*launch*' 'screen']
1695908700878,1695908700923,45,3736,1246,478.055906,1.786017,0.005976,0.080371,['com.example.robotinteraction'],True,False,False,True,True,False,False,False,['*launch*' 'wake:com.google.firebase.messaging' 'screen']
1695908700923,1695908700990,67,3736,1246,478.055906,1.786017,0.008897,0.119663,['com.example.robotinteraction'],True,False,False,True,True,False,False,False,['wake:com.google.firebase.messaging' 'screen']
1695908700990,1695908701023,33,3736,1246,478.055906,1.786017,0.004382,0.058939,['com.example.robotinteraction'],True,False,False,True,True,False,False,False,"['*job*/it.quadronica.leghe/androidx.work.impl.background.systemjob.SystemJobService'
 'wake:com.google.firebase.messaging' 'screen']"
1695908701023,1695908701038,15,3736,1246,478.055906,1.786017,0.001992,0.026790,['com.example.robotinteraction'],True,False,False,True,True,False,False,False,['wake:com.google.firebase.messaging' 'screen']
1695908701038,1695908701040,2,3736,1246,478.055906,1.786017,0.000266,0.003572,['com.example.robotinteraction'],True,False,False,True,True,False,False,False,['screen']
1695908701040,1695908701044,4,3736,1246,478.055906,1.786017,0.000531,0.007144,['com.example.robotinteraction'],True,False,False,True,True,False,False,False,['wake:com.google.firebase.messaging' 'screen']
1695908701044,1695908701066,22,3736,1246,478.055906,1.786017,0.002921,0.039292,['com.example.robotinteraction'],True,False,False,True,True,False,False,False,"['*job*/it.quadronica.leghe/androidx.work.impl.background.systemjob.SystemJobService'
 'wake:com.google.firebase.messaging' 'screen']"
1695908701066,1695908701068,2,3736,1246,478.055906,1.786017,0.000266,0.003572,['com.example.robotinteraction'],True,False,False,True,True,False,False,False,['wake:com.google.firebase.messaging' 'screen']
1695908701068,1695908702462,1394,3736,1246,478.055906,1.786017,0.185114,2.489708,['com.example.robotinteraction'],True,False,False,True,True,False,False,False,['screen']
1695908702462,1695908702492,30,3736,1246,478.055906,1.786017,0.003984,0.053581,['com.example.robotinteraction'],True,False,False,True,True,False,False,False,['wake:com.google.firebase.messaging' 'screen']
1695908702492,1695908702525,33,3736,1246,478.055906,1.786017,0.004382,0.058939,['com.example.robotinteraction'],True,False,False,True,True,False,False,False,"['*job*/it.quadronica.leghe/androidx.work.impl.background.systemjob.SystemJobService'
 'wake:com.google.firebase.messaging' 'screen']"
1695908702525,1695908702531,6,3736,1246,478.055906,1.786017,0.000797,0.010716,['com.example.robotinteraction'],True,False,False,True,True,False,False,False,['wake:com.google.firebase.messaging' 'screen']
1695908702531,1695908702570,39,3736,1246,478.055906,1.786017,0.005179,0.069655,['com.example.robotinteraction'],True,False,False,True,True,False,False,False,['screen']
1695908702570,1695908702583,13,3736,1246,478.055906,1.786017,0.001726,0.023218,['com.example.robotinteraction'],True,False,False,True,True,False,False,False,['wake:com.google.firebase.messaging' 'screen']
1695908702583,1695908702613,30,3736,1246,478.055906,1.786017,0.003984,0.053581,['com.example.robotinteraction'],True,False,False,True,True,False,False,False,"['*job*/it.quadronica.leghe/androidx.work.impl.background.systemjob.SystemJobService'
 'wake:com.google.firebase.messaging' 'screen']"
1695908702613,1695908702624,11,3736,1246,478.055906,1.786017,0.001461,0.019646,['com.example.robotinteraction'],True,False,False,True,True,False,False,False,['wake:com.google.firebase.messaging' 'screen']
1695908702624,1695908703045,421,3736,1246,478.055906,1.786017,0.055906,0.751913,['com.example.robotinteraction'],True,False,False,True,True,False,False,False,['screen']
1695908703045,1695908703131,86,3736,1246,478.055906,1.786017,0.011420,0.153597,['com.example.robotinteraction'],True,False,False,True,True,False,False,False,['wake:com.google.firebase.messaging' 'screen']
1695908703131,1695908703144,13,3736,1246,478.055906,1.786017,0.001726,0.023218,['com.example.robotinteraction'],True,False,False,True,True,False,False,False,"['*job*/it.quadronica.leghe/com.google.android.datatransport.runtime.scheduling.jobscheduling.JobInfoSchedulerService'
 'wake:com.google.firebase.messaging' 'screen']"
1695908703144,1695908703156,12,3736,1246,478.055906,1.786017,0.001594,0.021432,['com.example.robotinteraction'],True,False,False,True,True,False,False,False,"['IntentOp:.common.broadcast.BackgroundBroadcastReceiverSupport$PersistentReceiverIntentOperation'
 '*job*/it.quadronica.leghe/com.google.android.datatransport.runtime.scheduling.jobscheduling.JobInfoSchedulerService'
 'wake:com.google.firebase.messaging' 'screen']"
1695908703156,1695908703209,53,3736,1246,478.055906,1.786017,0.007038,0.094659,['com.example.robotinteraction'],True,False,False,True,True,False,False,False,"['*job*/it.quadronica.leghe/com.google.android.datatransport.runtime.scheduling.jobscheduling.JobInfoSchedulerService'
 'wake:com.google.firebase.messaging' 'screen']"
1695908703209,1695908703218,9,3736,1246,478.055906,1.786017,0.001195,0.016074,['com.example.robotinteraction'],True,False,False,True,True,False,False,False,"['Icing'
 '*job*/it.quadronica.leghe/com.google.android.datatransport.runtime.scheduling.jobscheduling.JobInfoSchedulerService'
 'wake:com.google.firebase.messaging' 'screen']"
1695908703218,1695908703219,1,3736,1246,478.055906,1.786017,0.000133,0.001786,['com.example.robotinteraction'],True,False,False,True,True,False,False,False,"['nearby:ENWearableDeviceManager' 'Icing'
 '*job*/it.quadronica.leghe/com.google.android.datatransport.runtime.scheduling.jobscheduling.JobInfoSchedulerService'
 'wake:com.google.firebase.messaging' 'screen']"
1695908703219,1695908703231,12,3736,1246,478.055906,1.786017,0.001594,0.021432,['com.example.robotinteraction'],True,False,False,True,True,False,False,False,"['Icing'
 '*job*/it.quadronica.leghe/com.google.android.datatransport.runtime.scheduling.jobscheduling.JobInfoSchedulerService'
 'wake:com.google.firebase.messaging' 'screen']"
1695908703231,1695908703257,26,3736,1246,478.055906,1.786017,0.003453,0.046436,['com.example.robotinteraction'],True,False,False,True,True,False,False,False,"['Icing'
 '*job*/it.quadronica.leghe/com.google.android.datatransport.runtime.scheduling.jobscheduling.JobInfoSchedulerService'
 'wake:com.google.firebase.messaging' 'screen']"
1695908703257,1695908703267,10,3736,1246,478.055906,1.786017,0.001328,0.017860,['com.example.robotinteraction'],True,False,False,True,True,False,False,False,"['*job*/it.quadronica.leghe/com.google.android.datatransport.runtime.scheduling.jobscheduling.JobInfoSchedulerService'
 'wake:com.google.firebase.messaging' 'screen']"
1695908703267,1695908703279,12,3736,1246,478.055906,1.786017,0.001594,0.021432,['com.example.robotinteraction'],True,False,False,True,True,False,False,False,"['Icing'
 '*job*/it.quadronica.leghe/com.google.android.datatransport.runtime.scheduling.jobscheduling.JobInfoSchedulerService'
 'wake:com.google.firebase.messaging' 'screen']"
1695908703279,1695908703331,52,3736,1246,478.055906,1.786017,0.006905,0.092873,['com.example.robotinteraction'],True,False,False,True,True,False,False,False,"['*job*/it.quadronica.leghe/com.google.android.datatransport.runtime.scheduling.jobscheduling.JobInfoSchedulerService'
 'wake:com.google.firebase.messaging' 'screen']"
1695908703331,1695908703506,175,3736,1246,478.055906,1.786017,0.023239,0.312553,['com.example.robotinteraction'],True,False,False,True,True,False,False,False,"['Icing'
 '*job*/it.quadronica.leghe/com.google.android.datatransport.runtime.scheduling.jobscheduling.JobInfoSchedulerService'
 'wake:com.google.firebase.messaging' 'screen']"
1695908703506,1695908704056,550,3736,1246,478.055906,1.786017,0.073036,0.982309,['com.example.robotinteraction'],True,False,False,True,True,False,False,False,"['*job*/it.quadronica.leghe/com.google.android.datatransport.runtime.scheduling.jobscheduling.JobInfoSchedulerService'
 'wake:com.google.firebase.messaging' 'screen']"
1695908704056,1695908704062,6,3736,1246,478.055906,1.786017,0.000797,0.010716,['com.example.robotinteraction'],True,False,False,True,True,False,False,False,['wake:com.google.firebase.messaging' 'screen']
1695908704062,1695908710418,6356,3736,1246,478.055906,1.786017,0.844034,11.351923,['com.example.robotinteraction'],True,False,False,True,True,False,False,False,['screen']
1695908710418,1695908710423,5,3736,1246,478.055906,1.786017,0.000664,0.008930,['com.example.robotinteraction'],True,False,False,True,True,False,False,False,['GCM_WORK' 'screen']
1695908710423,1695908712242,1819,3736,1246,478.055906,1.786017,0.241551,3.248765,['com.example.robotinteraction'],True,False,False,True,True,False,False,False,['screen']
1695908712242,1695908712249,7,3736,1246,478.055906,1.786017,0.000930,0.012502,['com.example.robotinteraction'],True,False,False,True,True,False,False,False,['*launch*' 'screen']
1695908712249,1695908712360,111,3736,1246,478.055906,1.786017,0.014740,0.198248,['com.sec.android.app.launcher'],True,False,False,True,True,False,False,False,['*launch*' 'screen']
1695908712360,1695908712550,190,3736,1246,478.055906,1.786017,0.025231,0.339343,['com.sec.android.app.launcher'],True,False,False,True,True,False,False,False,['screen']
1695908712550,1695908713519,969,3620,1242,3000.625130,10.862263,0.807668,10.525533,['com.sec.android.app.launcher'],True,False,False,True,True,False,False,False,['screen']
1695908713519,1695908713526,7,3620,1242,3000.625130,10.862263,0.005835,0.076036,['com.sec.android.app.launcher'],True,False,False,True,True,False,False,False,['GCM_WORK' 'screen']
