start_time,end_time,Duration (mS),Voltage (mV),Remaining_charge (mAh),Intensity (mA),Power (W),Consumed charge(mAh),Energy (J),Top app,Screen(ON/OFF),GPS(ON/OFF),Mobile_Radio(ON/OFF),WiFi(ON/OFF),Wifi radio,Camera(ON/OFF),Video (ON/OFF),Audio(ON/OFF),Wakelock_in (Service)
1695740267234,1695740267240,6,3744,1405,486.683791,1.822144,0.000811,0.010933,['com.example.robotinteraction'],True,False,False,True,True,False,False,False,['GCM_WORK' 'screen']
1695740267240,1695740272319,5079,3744,1405,486.683791,1.822144,0.686630,9.254670,['com.example.robotinteraction'],True,False,False,True,True,False,False,False,['screen']
1695740272319,1695740272323,4,3744,1405,486.683791,1.822144,0.000541,0.007289,['com.example.robotinteraction'],True,False,False,True,True,False,False,False,['*telephony-radio*' 'screen']
1695740272323,1695740272334,11,3744,1405,486.683791,1.822144,0.001487,0.020044,['com.example.robotinteraction'],True,False,False,True,True,False,False,False,['*telephony-radio*' 'screen']
1695740272334,1695740272336,2,3744,1405,486.683791,1.822144,0.000270,0.003644,['com.example.robotinteraction'],True,False,False,True,True,False,False,False,['*telephony-radio*' 'screen']
1695740272336,1695740276459,4123,3744,1405,486.683791,1.822144,0.557388,7.512700,['com.example.robotinteraction'],True,False,False,True,True,False,False,False,['screen']
1695740276459,1695740276461,2,3744,1405,486.683791,1.822144,0.000270,0.003644,['com.example.robotinteraction'],True,False,False,True,True,False,False,False,['GCM_WORK' 'screen']
1695740276461,1695740279541,3080,3744,1405,486.683791,1.822144,0.416385,5.612204,['com.example.robotinteraction'],True,False,False,True,True,False,False,False,['screen']
1695740279541,1695740279548,7,3744,1405,486.683791,1.822144,0.000946,0.012755,['com.example.robotinteraction'],True,False,False,True,True,False,False,False,['GCM_WORK' 'screen']
1695740279548,1695740280024,476,3744,1405,486.683791,1.822144,0.064350,0.867341,['com.example.robotinteraction'],True,False,False,True,True,False,False,False,['screen']
1695740280024,1695740280026,2,3744,1405,486.683791,1.822144,0.000270,0.003644,['com.example.robotinteraction'],True,False,False,True,True,False,False,False,['*alarm*:TIME_TICK' 'screen']
1695740280026,1695740280865,839,3744,1405,486.683791,1.822144,0.113424,1.528779,['com.example.robotinteraction'],True,False,False,True,True,False,False,False,['screen']
1695740280865,1695740280867,2,3744,1405,486.683791,1.822144,0.000270,0.003644,['com.example.robotinteraction'],True,False,False,True,True,False,False,False,['GCM_READ' 'screen']
1695740280867,1695740280869,2,3744,1405,486.683791,1.822144,0.000270,0.003644,['com.example.robotinteraction'],True,False,False,True,True,False,False,False,['GCM_READ' 'GCM_WORK' 'screen']
1695740280869,1695740280908,39,3744,1405,486.683791,1.822144,0.005272,0.071064,['com.example.robotinteraction'],True,False,False,True,True,False,False,False,['GCM_WORK' 'screen']
1695740280908,1695740283303,2395,3744,1405,486.683791,1.822144,0.323780,4.364035,['com.example.robotinteraction'],True,False,False,True,True,False,False,False,['screen']
1695740283303,1695740283587,284,3744,1405,486.683791,1.822144,0.038394,0.517489,['com.example.robotinteraction'],True,False,False,True,True,False,False,False,['*launch*' 'screen']
1695740283587,1695740283784,197,3744,1405,486.683791,1.822144,0.026632,0.358962,['com.example.robotinteraction'],True,False,False,True,True,False,False,False,['screen']
1695740283784,1695740283788,4,3744,1405,486.683791,1.822144,0.000541,0.007289,['com.example.robotinteraction'],True,False,False,True,True,False,False,False,['*alarm*:DetectMovementSPListener' 'screen']
1695740283788,1695740293541,9753,3744,1401,467.805861,1.751465,1.267364,17.082040,['com.example.robotinteraction'],True,False,False,True,True,False,False,False,['screen']
1695740293541,1695740295099,1558,3744,1401,467.805861,1.751465,0.202456,2.728783,['com.example.robotinteraction'],True,False,False,True,True,False,False,False,['*launch*' 'screen']
1695740295099,1695740298770,3671,3744,1401,467.805861,1.751465,0.477032,6.429629,['com.example.robotinteraction'],True,False,False,True,True,False,False,False,['screen']
1695740298770,1695740298907,137,3744,1401,467.805861,1.751465,0.017803,0.239951,['com.example.robotinteraction'],True,False,False,True,True,False,False,False,['*launch*' 'screen']
1695740298907,1695740307224,8317,3744,1401,467.805861,1.751465,1.080761,14.566936,['com.example.robotinteraction'],True,False,False,True,True,False,False,False,['screen']
1695740307224,1695740307372,148,3744,1401,467.805861,1.751465,0.019232,0.259217,['com.example.robotinteraction'],True,False,False,True,True,False,False,False,['*launch*' 'screen']
1695740307372,1695740314570,7198,3744,1401,467.805861,1.751465,0.935352,12.607046,['com.example.robotinteraction'],True,False,False,True,True,False,False,False,['screen']
1695740314570,1695740326291,11721,3744,1397,491.283136,1.839364,1.599536,21.559186,['com.example.robotinteraction'],True,False,False,True,True,False,False,False,['screen']
1695740326291,1695740326365,74,3744,1397,491.283136,1.839364,0.010099,0.136113,['com.example.robotinteraction'],True,False,False,True,True,False,False,False,['NetworkStats' 'screen']
1695740326365,1695740328499,2134,3744,1397,491.283136,1.839364,0.291222,3.925203,['com.example.robotinteraction'],True,False,False,True,True,False,False,False,['screen']
1695740328499,1695740328506,7,3744,1397,491.283136,1.839364,0.000955,0.012876,['com.example.robotinteraction'],True,False,False,True,True,False,False,False,['GCM_WORK' 'screen']
1695740328506,1695740329243,737,3744,1397,491.283136,1.839364,0.100577,1.355611,['com.example.robotinteraction'],True,False,False,True,True,False,False,False,['screen']
1695740329243,1695740329624,381,3744,1397,491.283136,1.839364,0.051994,0.700798,['com.example.robotinteraction'],True,False,False,True,True,False,False,False,"['*job*/com.android.vending/com.google.android.finsky.scheduler.process.mainimpl.PhoneskyJobServiceMain'
 'screen']"
1695740329624,1695740331572,1948,3744,1397,491.283136,1.839364,0.265839,3.583081,['com.example.robotinteraction'],True,False,False,True,True,False,False,False,['screen']
1695740331572,1695740331580,8,3744,1397,491.283136,1.839364,0.001092,0.014715,['com.example.robotinteraction'],True,False,False,True,True,False,False,False,['GCM_WORK' 'screen']
1695740331580,1695740331838,258,3744,1397,491.283136,1.839364,0.035209,0.474556,['com.example.robotinteraction'],True,False,False,True,True,False,False,False,['screen']
1695740331838,1695740331971,133,3744,1397,491.283136,1.839364,0.018150,0.244635,['com.example.robotinteraction'],True,False,False,True,True,False,False,False,['*launch*' 'screen']
1695740331971,1695740332594,623,3744,1397,491.283136,1.839364,0.085019,1.145924,['com.example.robotinteraction'],True,False,False,True,True,False,False,False,['screen']
1695740332594,1695740332595,1,3744,1397,491.283136,1.839364,0.000136,0.001839,['com.example.robotinteraction'],True,False,False,True,True,False,False,False,['*telephony-radio*' 'screen']
1695740332595,1695740332596,1,3744,1397,491.283136,1.839364,0.000136,0.001839,['com.example.robotinteraction'],True,False,False,True,True,False,False,False,['screen']
1695740332596,1695740332606,10,3744,1397,491.283136,1.839364,0.001365,0.018394,['com.example.robotinteraction'],True,False,False,True,True,False,False,False,['*telephony-radio*' 'screen']
1695740332606,1695740332613,7,3744,1397,491.283136,1.839364,0.000955,0.012876,['com.example.robotinteraction'],True,False,False,True,True,False,False,False,['*telephony-radio*' 'screen']
1695740332613,1695740332640,27,3744,1397,491.283136,1.839364,0.003685,0.049663,['com.example.robotinteraction'],True,False,False,True,True,False,False,False,['screen']
1695740332640,1695740332781,141,3744,1397,491.283136,1.839364,0.019242,0.259350,['com.example.robotinteraction'],True,False,False,True,True,False,False,False,['*launch*' 'screen']
1695740332781,1695740334631,1850,3744,1397,491.283136,1.839364,0.252465,3.402824,['com.example.robotinteraction'],True,False,False,True,True,False,False,False,['screen']
1695740334631,1695740334638,7,3744,1397,491.283136,1.839364,0.000955,0.012876,['com.example.robotinteraction'],True,False,False,True,True,False,False,False,['GCM_WORK' 'screen']
1695740334638,1695740337716,3078,3744,1397,491.283136,1.839364,0.420047,5.661563,['com.example.robotinteraction'],True,False,False,True,True,False,False,False,['screen']
1695740337716,1695740337729,13,3744,1397,491.283136,1.839364,0.001774,0.023912,['com.example.robotinteraction'],True,False,False,True,True,False,False,False,['GCM_WORK' 'screen']
1695740337729,1695740340033,2304,3744,1397,491.283136,1.839364,0.314421,4.237895,['com.example.robotinteraction'],True,False,False,True,True,False,False,False,['screen']
1695740340033,1695740340034,1,3744,1397,491.283136,1.839364,0.000136,0.001839,['com.example.robotinteraction'],True,False,False,True,True,False,False,False,['*alarm*:TIME_TICK' 'screen']
1695740340034,1695740341122,1088,3744,1397,491.283136,1.839364,0.148477,2.001228,['com.example.robotinteraction'],True,False,False,True,True,False,False,False,['screen']
1695740341122,1695740341133,11,3744,1397,491.283136,1.839364,0.001501,0.020233,['com.example.robotinteraction'],True,False,False,True,True,False,False,False,['*launch*' 'screen']
1695740341133,1695740341224,91,3744,1397,491.283136,1.839364,0.012419,0.167382,['com.sec.android.app.launcher'],True,False,False,True,True,False,False,False,['*launch*' 'screen']
1695740341224,1695740343788,2564,3744,1397,491.283136,1.839364,0.349903,4.716129,['com.sec.android.app.launcher'],True,False,False,True,True,False,False,False,['screen']
1695740343788,1695740343798,10,3744,1397,491.283136,1.839364,0.001365,0.018394,['com.sec.android.app.launcher'],True,False,False,True,True,False,False,False,['*alarm*:DetectMovementSPListener' 'screen']
1695740343798,1695740343879,81,3744,1397,491.283136,1.839364,0.011054,0.148988,['com.sec.android.app.launcher'],True,False,False,True,True,False,False,False,['screen']
1695740343879,1695740343881,2,3744,1397,491.283136,1.839364,0.000273,0.003679,['com.sec.android.app.launcher'],True,False,False,True,True,False,False,False,['GCM_WORK' 'screen']
