start_time,end_time,Duration (mS),Voltage (mV),Remaining_charge (mAh),Intensity (mA),Power (W),Consumed charge(mAh),Energy (J),Top app,Screen(ON/OFF),GPS(ON/OFF),Mobile_Radio(ON/OFF),WiFi(ON/OFF),Wifi radio,Camera(ON/OFF),Video (ON/OFF),Audio(ON/OFF),Wakelock_in (Service)
1695985110245,1695985110266,21,3786,1389,466.918500,1.767753,0.002724,0.037123,['com.example.robotinteractionOttimizzata'],True,False,False,True,True,False,False,False,"['*job*/com.osp.app.signin/androidx.work.impl.background.systemjob.SystemJobService'
 '*job*/com.whatsapp/androidx.work.impl.background.systemjob.SystemJobService']"
1695985110266,1695985114541,4275,3786,1389,466.918500,1.767753,0.554466,7.557146,['com.example.robotinteractionOttimizzata'],True,False,False,True,True,False,False,False,['*job*/com.whatsapp/androidx.work.impl.background.systemjob.SystemJobService']
1695985114541,1695985114567,26,3786,1389,466.918500,1.767753,0.003372,0.045962,['com.example.robotinteractionOttimizzata'],True,False,False,True,True,False,False,False,"['GCM_WORK'
 '*job*/com.whatsapp/androidx.work.impl.background.systemjob.SystemJobService']"
1695985114567,1695985117628,3061,3786,1389,466.918500,1.767753,0.397010,5.411093,['com.example.robotinteractionOttimizzata'],True,False,False,True,True,False,False,False,['*job*/com.whatsapp/androidx.work.impl.background.systemjob.SystemJobService']
1695985117628,1695985117634,6,3786,1389,466.918500,1.767753,0.000778,0.010607,['com.example.robotinteractionOttimizzata'],True,False,False,True,True,False,False,False,"['GCM_WORK'
 '*job*/com.whatsapp/androidx.work.impl.background.systemjob.SystemJobService']"
1695985117634,1695985119643,2009,3786,1389,466.918500,1.767753,0.260566,3.551417,['com.example.robotinteractionOttimizzata'],True,False,False,True,True,False,False,False,['*job*/com.whatsapp/androidx.work.impl.background.systemjob.SystemJobService']
1695985119643,1695985119731,88,3786,1389,466.918500,1.767753,0.011414,0.155562,['com.example.robotinteractionOttimizzata'],True,False,False,True,True,False,False,False,"['com.samsung.android.bixby.wakeup:DspControlService'
 '*job*/com.whatsapp/androidx.work.impl.background.systemjob.SystemJobService']"
1695985119731,1695985119920,189,3786,1389,466.918500,1.767753,0.024513,0.334105,['com.example.robotinteractionOttimizzata'],True,False,False,True,True,False,False,False,['*job*/com.whatsapp/androidx.work.impl.background.systemjob.SystemJobService']
1695985119920,1695985120729,809,3740,1389,466.918500,1.746275,0.104927,1.412737,['com.example.robotinteractionOttimizzata'],True,False,False,True,True,False,False,False,['*job*/com.whatsapp/androidx.work.impl.background.systemjob.SystemJobService']
1695985120729,1695985120742,13,3740,1389,466.918500,1.746275,0.001686,0.022702,['com.example.robotinteractionOttimizzata'],True,False,False,True,True,False,False,False,"['GCM_WORK'
 '*job*/com.whatsapp/androidx.work.impl.background.systemjob.SystemJobService']"
1695985120742,1695985123952,3210,3740,1389,466.918500,1.746275,0.416336,5.605543,['com.example.robotinteractionOttimizzata'],True,False,False,True,True,False,False,False,['*job*/com.whatsapp/androidx.work.impl.background.systemjob.SystemJobService']
1695985123952,1695985123992,40,3740,1389,466.918500,1.746275,0.005188,0.069851,['com.example.robotinteractionOttimizzata'],True,False,False,True,True,False,False,False,0.0
1695985123992,1695985124005,13,3740,1389,466.918500,1.746275,0.001686,0.022702,['com.example.robotinteractionOttimizzata'],True,False,False,True,True,False,False,False,['*job*/com.whatsapp/androidx.work.impl.background.systemjob.SystemJobService']
1695985124005,1695985124868,863,3740,1389,466.918500,1.746275,0.111931,1.507035,['com.example.robotinteractionOttimizzata'],True,False,False,True,True,False,False,False,0.0
1695985124868,1695985125004,136,3740,1389,466.918500,1.746275,0.017639,0.237493,['com.example.robotinteractionOttimizzata'],True,False,False,True,True,False,False,False,['*launch*']
1695985125004,1695985127354,2350,3740,1389,466.918500,1.746275,0.304794,4.103747,['com.example.robotinteractionOttimizzata'],True,False,False,True,True,False,False,False,0.0
1695985127354,1695985133125,5771,3740,1389,466.918500,1.746275,0.748496,10.077754,['com.example.robotinteractionOttimizzata'],True,False,False,True,True,False,False,False,['*job*/com.whatsapp/androidx.work.impl.background.systemjob.SystemJobService']
1695985133125,1695985133130,5,3740,1389,466.918500,1.746275,0.000648,0.008731,['com.example.robotinteractionOttimizzata'],True,False,False,True,True,False,False,False,"['GCM_WORK'
 '*job*/com.whatsapp/androidx.work.impl.background.systemjob.SystemJobService']"
1695985133130,1695985136219,3089,3740,1389,466.918500,1.746275,0.400642,5.394244,['com.example.robotinteractionOttimizzata'],True,False,False,True,True,False,False,False,['*job*/com.whatsapp/androidx.work.impl.background.systemjob.SystemJobService']
1695985136219,1695985136224,5,3740,1389,466.918500,1.746275,0.000648,0.008731,['com.example.robotinteractionOttimizzata'],True,False,False,True,True,False,False,False,"['GCM_WORK'
 '*job*/com.whatsapp/androidx.work.impl.background.systemjob.SystemJobService']"
1695985136224,1695985136271,47,3740,1389,466.918500,1.746275,0.006096,0.082075,['com.example.robotinteractionOttimizzata'],True,False,False,True,True,False,False,False,['*job*/com.whatsapp/androidx.work.impl.background.systemjob.SystemJobService']
1695985136271,1695985136277,6,3740,1389,466.918500,1.746275,0.000778,0.010478,['com.example.robotinteractionOttimizzata'],True,False,False,True,True,False,False,False,"['*alarm*:DetectMovementSPListener'
 '*job*/com.whatsapp/androidx.work.impl.background.systemjob.SystemJobService']"
1695985136277,1695985137319,1042,3740,1389,466.918500,1.746275,0.135147,1.819619,['com.example.robotinteractionOttimizzata'],True,False,False,True,True,False,False,False,['*job*/com.whatsapp/androidx.work.impl.background.systemjob.SystemJobService']
1695985137319,1695985138516,1197,3740,1389,466.918500,1.746275,0.155250,2.090291,['com.example.robotinteractionOttimizzata'],True,False,False,True,True,False,False,False,"['*launch*'
 '*job*/com.whatsapp/androidx.work.impl.background.systemjob.SystemJobService']"
1695985138516,1695985139323,807,3740,1389,466.918500,1.746275,0.104668,1.409244,['com.example.robotinteractionOttimizzata'],True,False,False,True,True,False,False,False,['*job*/com.whatsapp/androidx.work.impl.background.systemjob.SystemJobService']
1695985139323,1695985139325,2,3740,1389,466.918500,1.746275,0.000259,0.003493,['com.example.robotinteractionOttimizzata'],True,False,False,True,True,False,False,False,"['GCM_WORK'
 '*job*/com.whatsapp/androidx.work.impl.background.systemjob.SystemJobService']"
1695985139325,1695985140017,692,3740,1389,466.918500,1.746275,0.089752,1.208422,['com.example.robotinteractionOttimizzata'],True,False,False,True,True,False,False,False,['*job*/com.whatsapp/androidx.work.impl.background.systemjob.SystemJobService']
1695985140017,1695985140027,10,3740,1389,466.918500,1.746275,0.001297,0.017463,['com.example.robotinteractionOttimizzata'],True,False,False,True,True,False,False,False,"['*alarm*:TIME_TICK'
 '*job*/com.whatsapp/androidx.work.impl.background.systemjob.SystemJobService']"
1695985140027,1695985142382,2355,3740,1389,466.918500,1.746275,0.305443,4.112478,['com.example.robotinteractionOttimizzata'],True,False,False,True,True,False,False,False,['*job*/com.whatsapp/androidx.work.impl.background.systemjob.SystemJobService']
1695985142382,1695985142387,5,3740,1389,466.918500,1.746275,0.000648,0.008731,['com.example.robotinteractionOttimizzata'],True,False,False,True,True,False,False,False,"['GCM_WORK'
 '*job*/com.whatsapp/androidx.work.impl.background.systemjob.SystemJobService']"
1695985142387,1695985146673,4286,3740,1389,466.918500,1.746275,0.555892,7.484535,['com.example.robotinteractionOttimizzata'],True,False,False,True,True,False,False,False,['*job*/com.whatsapp/androidx.work.impl.background.systemjob.SystemJobService']
1695985146673,1695985146679,6,3740,1389,466.918500,1.746275,0.000778,0.010478,['com.example.robotinteractionOttimizzata'],True,False,False,True,True,False,False,False,"['*launch*'
 '*job*/com.whatsapp/androidx.work.impl.background.systemjob.SystemJobService']"
1695985146679,1695985146768,89,3740,1389,466.918500,1.746275,0.011543,0.155418,['com.sec.android.app.launcher'],True,False,False,True,True,False,False,False,"['*launch*'
 '*job*/com.whatsapp/androidx.work.impl.background.systemjob.SystemJobService']"
1695985146768,1695985148548,1780,3740,1389,466.918500,1.746275,0.230865,3.108370,['com.sec.android.app.launcher'],True,False,False,True,True,False,False,False,['*job*/com.whatsapp/androidx.work.impl.background.systemjob.SystemJobService']
1695985148548,1695985148550,2,3740,1389,466.918500,1.746275,0.000259,0.003493,['com.sec.android.app.launcher'],True,False,False,True,True,False,False,False,"['GCM_WORK'
 '*job*/com.whatsapp/androidx.work.impl.background.systemjob.SystemJobService']"
