start_time,end_time,Duration (mS),Voltage (mV),Remaining_charge (mAh),Intensity (mA),Power (W),Consumed charge(mAh),Energy (J),Top app,Screen(ON/OFF),GPS(ON/OFF),Mobile_Radio(ON/OFF),WiFi(ON/OFF),Wifi radio,Camera(ON/OFF),Video (ON/OFF),Audio(ON/OFF),Wakelock_in (Service)
1695739407405,1695739407407,2,3730,1377,488.350799,1.821548,0.000271,0.003643,['com.example.robotinteraction'],True,False,False,True,True,False,False,False,['GCM_WORK' 'screen']
1695739407407,1695739408620,1213,3730,1377,488.350799,1.821548,0.164547,2.209538,['com.example.robotinteraction'],True,False,False,True,True,False,False,False,['screen']
1695739408620,1695739409421,801,3730,1377,488.350799,1.821548,0.108658,1.459060,['com.example.robotinteraction'],True,False,False,True,True,False,False,False,['*telephony-radio*' 'screen']
1695739409421,1695739409432,11,3730,1377,488.350799,1.821548,0.001492,0.020037,['com.example.robotinteraction'],True,False,False,True,True,False,False,False,['*telephony-radio*' 'screen']
1695739409432,1695739409436,4,3730,1377,488.350799,1.821548,0.000543,0.007286,['com.example.robotinteraction'],True,False,False,True,True,False,False,False,['*telephony-radio*' '*telephony-radio*' 'screen']
1695739409436,1695739410501,1065,3730,1377,488.350799,1.821548,0.144470,1.939949,['com.example.robotinteraction'],True,False,False,True,True,False,False,False,['*telephony-radio*' 'screen']
1695739410501,1695739410502,1,3730,1377,488.350799,1.821548,0.000136,0.001822,['com.example.robotinteraction'],True,False,False,True,True,False,False,False,['GCM_WORK' '*telephony-radio*' 'screen']
1695739410502,1695739422077,11575,3730,1377,488.350799,1.821548,1.570183,21.084424,['com.example.robotinteraction'],True,False,False,True,True,False,False,False,['*telephony-radio*' 'screen']
1695739422077,1695739422220,143,3730,1377,488.350799,1.821548,0.019398,0.260481,['com.example.robotinteraction'],True,False,False,True,True,False,False,False,['*launch*' '*telephony-radio*' 'screen']
1695739422220,1695739430435,8215,3730,1377,488.350799,1.821548,1.114389,14.964021,['com.example.robotinteraction'],True,False,False,True,True,False,False,False,['*telephony-radio*' 'screen']
1695739430435,1695739430441,6,3730,1377,488.350799,1.821548,0.000814,0.010929,['com.example.robotinteraction'],True,False,False,True,True,False,False,False,['*alarm*:DetectMovementSPListener' '*telephony-radio*' 'screen']
1695739430441,1695739432513,2072,3730,1373,466.245750,1.739097,0.268350,3.603408,['com.example.robotinteraction'],True,False,False,True,True,False,False,False,['*telephony-radio*' 'screen']
1695739432513,1695739433694,1181,3730,1373,466.245750,1.739097,0.152955,2.053873,['com.example.robotinteraction'],True,False,False,True,True,False,False,False,['*launch*' '*telephony-radio*' 'screen']
1695739433694,1695739437404,3710,3730,1373,466.245750,1.739097,0.480492,6.452049,['com.example.robotinteraction'],True,False,False,True,True,False,False,False,['*telephony-radio*' 'screen']
1695739437404,1695739437530,126,3730,1373,466.245750,1.739097,0.016319,0.219126,['com.example.robotinteraction'],True,False,False,True,True,False,False,False,['*launch*' '*telephony-radio*' 'screen']
1695739437530,1695739440066,2536,3730,1373,466.245750,1.739097,0.328444,4.410349,['com.example.robotinteraction'],True,False,False,True,True,False,False,False,['*telephony-radio*' 'screen']
1695739440066,1695739440068,2,3730,1373,466.245750,1.739097,0.000259,0.003478,['com.example.robotinteraction'],True,False,False,True,True,False,False,False,['*alarm*:TIME_TICK' '*telephony-radio*' 'screen']
1695739440068,1695739445841,5773,3730,1373,466.245750,1.739097,0.747677,10.039805,['com.example.robotinteraction'],True,False,False,True,True,False,False,False,['*telephony-radio*' 'screen']
1695739445841,1695739446000,159,3730,1373,466.245750,1.739097,0.020593,0.276516,['com.example.robotinteraction'],True,False,False,True,True,False,False,False,['*launch*' '*telephony-radio*' 'screen']
1695739446000,1695739461326,15326,3730,1373,466.245750,1.739097,1.984912,26.653395,['com.example.robotinteraction'],True,False,False,True,True,False,False,False,['*telephony-radio*' 'screen']
1695739461326,1695739467559,6233,3730,1369,506.097775,1.887745,0.876252,11.766313,['com.example.robotinteraction'],True,False,False,True,True,False,False,False,['*telephony-radio*' 'screen']
1695739467559,1695739467877,318,3730,1369,506.097775,1.887745,0.044705,0.600303,['com.example.robotinteraction'],True,False,False,True,True,False,False,False,"['*job*/com.android.vending/com.google.android.finsky.scheduler.process.mainimpl.PhoneskyJobServiceMain'
 '*telephony-radio*' 'screen']"
1695739467877,1695739470469,2592,3730,1369,506.097775,1.887745,0.364390,4.893034,['com.example.robotinteraction'],True,False,False,True,True,False,False,False,['*telephony-radio*' 'screen']
1695739470469,1695739470589,120,3730,1369,506.097775,1.887745,0.016870,0.226529,['com.example.robotinteraction'],True,False,False,True,True,False,False,False,['*launch*' '*telephony-radio*' 'screen']
1695739470589,1695739471271,682,3730,1369,506.097775,1.887745,0.095877,1.287442,['com.example.robotinteraction'],True,False,False,True,True,False,False,False,['*telephony-radio*' 'screen']
1695739471271,1695739471425,154,3730,1369,506.097775,1.887745,0.021650,0.290713,['com.example.robotinteraction'],True,False,False,True,True,False,False,False,['*launch*' '*telephony-radio*' 'screen']
1695739471425,1695739479768,8343,3730,1369,506.097775,1.887745,1.172882,15.749454,['com.example.robotinteraction'],True,False,False,True,True,False,False,False,['*telephony-radio*' 'screen']
1695739479768,1695739479773,5,3730,1369,506.097775,1.887745,0.000703,0.009439,['com.example.robotinteraction'],True,False,False,True,True,False,False,False,['*launch*' '*telephony-radio*' 'screen']
1695739479773,1695739479856,83,3730,1369,506.097775,1.887745,0.011668,0.156683,['com.sec.android.app.launcher'],True,False,False,True,True,False,False,False,['*launch*' '*telephony-radio*' 'screen']
