start_time,end_time,Duration (mS),Voltage (mV),Remaining_charge (mAh),Intensity (mA),Power (W),Consumed charge(mAh),Energy (J),Top app,Screen(ON/OFF),GPS(ON/OFF),Mobile_Radio(ON/OFF),WiFi(ON/OFF),Wifi radio,Camera(ON/OFF),Video (ON/OFF),Audio(ON/OFF),Wakelock_in (Service)
1695995340024,1695995340026,2,3863,2022,156.719342,0.605407,0.000087,0.001211,['com.example.robotinteractionOttimizzata'],True,False,False,True,True,False,False,False,"['*alarm*:TIME_TICK'
 '*job*/com.whatsapp/androidx.work.impl.background.systemjob.SystemJobService'
 'screen']"
1695995340026,1695995341327,1301,3863,2022,156.719342,0.605407,0.056637,0.787634,['com.example.robotinteractionOttimizzata'],True,False,False,True,True,False,False,False,"['*job*/com.whatsapp/androidx.work.impl.background.systemjob.SystemJobService'
 'screen']"
1695995341327,1695995341343,16,3863,2022,156.719342,0.605407,0.000697,0.009687,['com.example.robotinteractionOttimizzata'],True,False,False,True,True,False,False,False,"['*alarm*:DetectMovementSPListener'
 '*job*/com.whatsapp/androidx.work.impl.background.systemjob.SystemJobService'
 'screen']"
1695995341343,1695995358443,17100,3863,2022,156.719342,0.605407,0.744417,10.352457,['com.example.robotinteractionOttimizzata'],True,False,False,True,True,False,False,False,"['*job*/com.whatsapp/androidx.work.impl.background.systemjob.SystemJobService'
 'screen']"
1695995358443,1695995360759,2316,3814,2022,156.719342,0.597728,0.100823,1.384337,['com.example.robotinteractionOttimizzata'],True,False,False,True,True,False,False,False,"['*job*/com.whatsapp/androidx.work.impl.background.systemjob.SystemJobService'
 'screen']"
1695995360759,1695995360812,53,3814,2022,156.719342,0.597728,0.002307,0.031680,['com.example.robotinteractionOttimizzata'],True,False,False,True,True,False,False,False,['screen']
1695995360812,1695995360825,13,3814,2022,156.719342,0.597728,0.000566,0.007770,['com.example.robotinteractionOttimizzata'],True,False,False,True,True,False,False,False,"['*job*/com.whatsapp/androidx.work.impl.background.systemjob.SystemJobService'
 'screen']"
1695995360825,1695995362969,2144,3814,2022,156.719342,0.597728,0.093335,1.281528,['com.example.robotinteractionOttimizzata'],True,False,False,True,True,False,False,False,['screen']
1695995362969,1695995362974,5,3814,2022,156.719342,0.597728,0.000218,0.002989,['com.example.robotinteractionOttimizzata'],True,False,False,True,True,False,False,False,['GCM_WORK' 'screen']
1695995362974,1695995363657,683,3814,2022,156.719342,0.597728,0.029733,0.408248,['com.example.robotinteractionOttimizzata'],True,False,False,True,True,False,False,False,['screen']
1695995363657,1695995363806,149,3814,2022,156.719342,0.597728,0.006486,0.089061,['com.example.robotinteractionOttimizzata'],True,False,False,True,True,False,False,False,['*launch*' 'screen']
1695995363806,1695995365026,1220,3814,2022,156.719342,0.597728,0.053110,0.729228,['com.example.robotinteractionOttimizzata'],True,False,False,True,True,False,False,False,['screen']
1695995365026,1695995365178,152,3814,2022,156.719342,0.597728,0.006617,0.090855,['com.example.robotinteractionOttimizzata'],True,False,False,True,True,False,False,False,"['*job*/com.whatsapp/androidx.work.impl.background.systemjob.SystemJobService'
 'screen']"
1695995365178,1695995365186,8,3814,2022,156.719342,0.597728,0.000348,0.004782,['com.example.robotinteractionOttimizzata'],True,False,False,True,True,False,False,False,"['RILJ_ACK_WL'
 '*job*/com.whatsapp/androidx.work.impl.background.systemjob.SystemJobService'
 'screen']"
1695995365186,1695995365191,5,3814,2022,156.719342,0.597728,0.000218,0.002989,['com.example.robotinteractionOttimizzata'],True,False,False,True,True,False,False,False,"['*telephony-radio*' 'RILJ_ACK_WL'
 '*job*/com.whatsapp/androidx.work.impl.background.systemjob.SystemJobService'
 'screen']"
1695995365191,1695995365233,42,3814,2022,156.719342,0.597728,0.001828,0.025105,['com.example.robotinteractionOttimizzata'],True,False,False,True,True,False,False,False,"['*telephony-radio*' 'RILJ_ACK_WL'
 '*job*/com.whatsapp/androidx.work.impl.background.systemjob.SystemJobService'
 'screen']"
1695995365233,1695995365235,2,3814,2022,156.719342,0.597728,0.000087,0.001195,['com.example.robotinteractionOttimizzata'],True,False,False,True,True,False,False,False,"['*telephony-radio*' 'RILJ_ACK_WL'
 '*job*/com.whatsapp/androidx.work.impl.background.systemjob.SystemJobService'
 'screen']"
1695995365235,1695995365438,203,3814,2022,156.719342,0.597728,0.008837,0.121339,['com.example.robotinteractionOttimizzata'],True,False,False,True,True,False,False,False,"['RILJ_ACK_WL'
 '*job*/com.whatsapp/androidx.work.impl.background.systemjob.SystemJobService'
 'screen']"
1695995365438,1695995376112,10674,3814,2022,156.719342,0.597728,0.464673,6.380144,['com.example.robotinteractionOttimizzata'],True,False,False,True,True,False,False,False,"['*job*/com.whatsapp/androidx.work.impl.background.systemjob.SystemJobService'
 'screen']"
1695995376112,1695995377313,1201,3814,2022,156.719342,0.597728,0.052283,0.717871,['com.example.robotinteractionOttimizzata'],True,False,False,True,True,False,False,False,"['*launch*'
 '*job*/com.whatsapp/androidx.work.impl.background.systemjob.SystemJobService'
 'screen']"
1695995377313,1695995377323,10,3814,2022,156.719342,0.597728,0.000435,0.005977,['com.example.robotinteractionOttimizzata'],True,False,False,True,True,False,False,False,"['*job*/com.whatsapp/androidx.work.impl.background.systemjob.SystemJobService'
 'screen']"
1695995377323,1695995377324,1,3814,2022,156.719342,0.597728,0.000044,0.000598,['com.example.robotinteractionOttimizzata'],True,False,False,True,True,False,False,False,"['RILJ_ACK_WL'
 '*job*/com.whatsapp/androidx.work.impl.background.systemjob.SystemJobService'
 'screen']"
1695995377324,1695995377344,20,3814,2022,156.719342,0.597728,0.000871,0.011955,['com.example.robotinteractionOttimizzata'],True,False,False,True,True,False,False,False,"['*telephony-radio*' 'RILJ_ACK_WL'
 '*job*/com.whatsapp/androidx.work.impl.background.systemjob.SystemJobService'
 'screen']"
1695995377344,1695995377345,1,3814,2022,156.719342,0.597728,0.000044,0.000598,['com.example.robotinteractionOttimizzata'],True,False,False,True,True,False,False,False,"['*telephony-radio*' 'RILJ_ACK_WL'
 '*job*/com.whatsapp/androidx.work.impl.background.systemjob.SystemJobService'
 'screen']"
1695995377345,1695995377547,202,3814,2022,156.719342,0.597728,0.008794,0.120741,['com.example.robotinteractionOttimizzata'],True,False,False,True,True,False,False,False,"['RILJ_ACK_WL'
 '*job*/com.whatsapp/androidx.work.impl.background.systemjob.SystemJobService'
 'screen']"
1695995377547,1695995378412,865,3814,2022,156.719342,0.597728,0.037656,0.517034,['com.example.robotinteractionOttimizzata'],True,False,False,True,True,False,False,False,"['*job*/com.whatsapp/androidx.work.impl.background.systemjob.SystemJobService'
 'screen']"
1695995378412,1695995378417,5,3814,2022,156.719342,0.597728,0.000218,0.002989,['com.example.robotinteractionOttimizzata'],True,False,False,True,True,False,False,False,"['GCM_WORK'
 '*job*/com.whatsapp/androidx.work.impl.background.systemjob.SystemJobService'
 'screen']"
1695995378417,1695995384563,6146,3814,2022,156.719342,0.597728,0.267555,3.673634,['com.example.robotinteractionOttimizzata'],True,False,False,True,True,False,False,False,"['*job*/com.whatsapp/androidx.work.impl.background.systemjob.SystemJobService'
 'screen']"
1695995384563,1695995384568,5,3814,2022,156.719342,0.597728,0.000218,0.002989,['com.example.robotinteractionOttimizzata'],True,False,False,True,True,False,False,False,"['GCM_WORK'
 '*job*/com.whatsapp/androidx.work.impl.background.systemjob.SystemJobService'
 'screen']"
1695995384568,1695995385463,895,3814,2022,156.719342,0.597728,0.038962,0.534966,['com.example.robotinteractionOttimizzata'],True,False,False,True,True,False,False,False,"['*job*/com.whatsapp/androidx.work.impl.background.systemjob.SystemJobService'
 'screen']"
1695995385463,1695995385617,154,3814,2022,156.719342,0.597728,0.006704,0.092050,['com.example.robotinteractionOttimizzata'],True,False,False,True,True,False,False,False,"['*launch*'
 '*job*/com.whatsapp/androidx.work.impl.background.systemjob.SystemJobService'
 'screen']"
1695995385617,1695995387658,2041,3814,2022,156.719342,0.597728,0.088851,1.219962,['com.example.robotinteractionOttimizzata'],True,False,False,True,True,False,False,False,"['*job*/com.whatsapp/androidx.work.impl.background.systemjob.SystemJobService'
 'screen']"
1695995387658,1695995387661,3,3814,2022,156.719342,0.597728,0.000131,0.001793,['com.example.robotinteractionOttimizzata'],True,False,False,True,True,False,False,False,"['GCM_WORK'
 '*job*/com.whatsapp/androidx.work.impl.background.systemjob.SystemJobService'
 'screen']"
1695995387661,1695995395066,7405,3814,2022,156.719342,0.597728,0.322363,4.426173,['com.example.robotinteractionOttimizzata'],True,False,False,True,True,False,False,False,"['*job*/com.whatsapp/androidx.work.impl.background.systemjob.SystemJobService'
 'screen']"
1695995395066,1695995395115,49,3814,2022,156.719342,0.597728,0.002133,0.029289,['com.example.robotinteractionOttimizzata'],True,False,False,True,True,False,False,False,['screen']
1695995395115,1695995395124,9,3814,2022,156.719342,0.597728,0.000392,0.005380,['com.example.robotinteractionOttimizzata'],True,False,False,True,True,False,False,False,"['*job*/com.whatsapp/androidx.work.impl.background.systemjob.SystemJobService'
 'screen']"
1695995395124,1695995396889,1765,3814,2022,156.719342,0.597728,0.076836,1.054989,['com.example.robotinteractionOttimizzata'],True,False,False,True,True,False,False,False,['screen']
1695995396889,1695995396893,4,3814,2022,156.719342,0.597728,0.000174,0.002391,['com.example.robotinteractionOttimizzata'],True,False,False,True,True,False,False,False,['GCM_WORK' 'screen']
1695995396893,1695995396935,42,3814,2022,156.719342,0.597728,0.001828,0.025105,['com.example.robotinteractionOttimizzata'],True,False,False,True,True,False,False,False,['screen']
1695995396935,1695995397099,164,3814,2022,156.719342,0.597728,0.007139,0.098027,['com.example.robotinteractionOttimizzata'],True,False,False,True,True,False,False,False,['*launch*' 'screen']
1695995397099,1695995399992,2893,3814,2022,156.719342,0.597728,0.125941,1.729226,['com.example.robotinteractionOttimizzata'],True,False,False,True,True,False,False,False,['screen']
1695995399992,1695995399999,7,3814,2022,156.719342,0.597728,0.000305,0.004184,['com.example.robotinteractionOttimizzata'],True,False,False,True,True,False,False,False,['GCM_WORK' 'screen']
1695995399999,1695995400022,23,3814,2022,156.719342,0.597728,0.001001,0.013748,['com.example.robotinteractionOttimizzata'],True,False,False,True,True,False,False,False,['screen']
1695995400022,1695995400027,5,3814,2022,156.719342,0.597728,0.000218,0.002989,['com.example.robotinteractionOttimizzata'],True,False,False,True,True,False,False,False,['*alarm*:TIME_TICK' 'screen']
1695995400027,1695995401328,1301,3814,2022,156.719342,0.597728,0.056637,0.777644,['com.example.robotinteractionOttimizzata'],True,False,False,True,True,False,False,False,['screen']
1695995401328,1695995401334,6,3814,2022,156.719342,0.597728,0.000261,0.003586,['com.example.robotinteractionOttimizzata'],True,False,False,True,True,False,False,False,['*alarm*:DetectMovementSPListener' 'screen']
1695995401334,1695995406152,4818,3814,2022,156.719342,0.597728,0.209743,2.879851,['com.example.robotinteractionOttimizzata'],True,False,False,True,True,False,False,False,['screen']
1695995406152,1695995406159,7,3814,2022,156.719342,0.597728,0.000305,0.004184,['com.example.robotinteractionOttimizzata'],True,False,False,True,True,False,False,False,['GCM_WORK' 'screen']
1695995406159,1695995409255,3096,3814,2022,156.719342,0.597728,0.134779,1.850565,['com.example.robotinteractionOttimizzata'],True,False,False,True,True,False,False,False,['screen']
1695995409255,1695995409258,3,3814,2022,156.719342,0.597728,0.000131,0.001793,['com.example.robotinteractionOttimizzata'],True,False,False,True,True,False,False,False,['GCM_WORK' 'screen']
1695995409258,1695995418530,9272,3814,2022,156.719342,0.597728,0.403639,5.542130,['com.example.robotinteractionOttimizzata'],True,False,False,True,True,False,False,False,['screen']
1695995418530,1695995418535,5,3814,2022,156.719342,0.597728,0.000218,0.002989,['com.example.robotinteractionOttimizzata'],True,False,False,True,True,False,False,False,['GCM_WORK' 'screen']
1695995418535,1695995418857,322,3814,2022,156.719342,0.597728,0.014018,0.192468,['com.example.robotinteractionOttimizzata'],True,False,False,True,True,False,False,False,['screen']
1695995418857,1695995419856,999,3814,2018,711.427301,2.713384,0.197421,2.710670,['com.example.robotinteractionOttimizzata'],True,False,False,True,True,False,False,False,['screen']
1695995419856,1695995419857,1,3814,2018,711.427301,2.713384,0.000198,0.002713,['com.example.robotinteractionOttimizzata'],True,False,False,True,True,False,False,False,['*telephony-radio*' 'screen']
1695995419857,1695995419858,1,3814,2018,711.427301,2.713384,0.000198,0.002713,['com.example.robotinteractionOttimizzata'],True,False,False,True,True,False,False,False,['screen']
1695995419858,1695995419875,17,3814,2018,711.427301,2.713384,0.003360,0.046128,['com.example.robotinteractionOttimizzata'],True,False,False,True,True,False,False,False,['*telephony-radio*' 'screen']
1695995419875,1695995419876,1,3814,2018,711.427301,2.713384,0.000198,0.002713,['com.example.robotinteractionOttimizzata'],True,False,False,True,True,False,False,False,['*telephony-radio*' 'screen']
1695995419876,1695995421260,1384,3814,2018,711.427301,2.713384,0.273504,3.755323,['com.example.robotinteractionOttimizzata'],True,False,False,True,True,False,False,False,['screen']
1695995421260,1695995421685,425,3814,2018,711.427301,2.713384,0.083988,1.153188,['com.example.robotinteractionOttimizzata'],True,False,False,True,True,False,False,False,['*launch*' 'screen']
1695995421685,1695995422362,677,3814,2018,711.427301,2.713384,0.133788,1.836961,['com.example.robotinteractionOttimizzata'],True,False,False,True,True,False,False,False,['screen']
1695995422362,1695995422526,164,3814,2018,711.427301,2.713384,0.032409,0.444995,['com.example.robotinteractionOttimizzata'],True,False,False,True,True,False,False,False,['*launch*' 'screen']
1695995422526,1695995424834,2308,3814,2018,711.427301,2.713384,0.456104,6.262490,['com.example.robotinteractionOttimizzata'],True,False,False,True,True,False,False,False,['screen']
1695995424834,1695995429904,5070,3814,2018,711.427301,2.713384,1.001927,13.756855,['com.example.robotinteractionOttimizzata'],True,False,False,True,True,False,False,False,"['*job*/com.whatsapp/androidx.work.impl.background.systemjob.SystemJobService'
 'screen']"
1695995429904,1695995429943,39,3814,2018,711.427301,2.713384,0.007707,0.105822,['com.example.robotinteractionOttimizzata'],True,False,False,True,True,False,False,False,"['NetworkStats'
 '*job*/com.whatsapp/androidx.work.impl.background.systemjob.SystemJobService'
 'screen']"
1695995429943,1695995429978,35,3814,2018,711.427301,2.713384,0.006917,0.094968,['com.example.robotinteractionOttimizzata'],True,False,False,True,True,False,False,False,"['*job*/com.whatsapp/androidx.work.impl.background.systemjob.SystemJobService'
 'screen']"
1695995429978,1695995429996,18,3814,2018,711.427301,2.713384,0.003557,0.048841,['com.example.robotinteractionOttimizzata'],True,False,False,True,True,False,False,False,"['*job*/com.samsung.android.scs/androidx.work.impl.background.systemjob.SystemJobService'
 '*job*/com.whatsapp/androidx.work.impl.background.systemjob.SystemJobService'
 'screen']"
1695995429996,1695995431060,1064,3814,2018,711.427301,2.713384,0.210266,2.887040,['com.example.robotinteractionOttimizzata'],True,False,False,True,True,False,False,False,"['*job*/com.whatsapp/androidx.work.impl.background.systemjob.SystemJobService'
 'screen']"
1695995431060,1695995431065,5,3814,2018,711.427301,2.713384,0.000988,0.013567,['com.example.robotinteractionOttimizzata'],True,False,False,True,True,False,False,False,"['*alarm*:*job.delay*'
 '*job*/com.whatsapp/androidx.work.impl.background.systemjob.SystemJobService'
 'screen']"
1695995431065,1695995431079,14,3814,2018,711.427301,2.713384,0.002767,0.037987,['com.example.robotinteractionOttimizzata'],True,False,False,True,True,False,False,False,"['*job*/com.whatsapp/androidx.work.impl.background.systemjob.SystemJobService'
 'screen']"
1695995431079,1695995431137,58,3814,2018,711.427301,2.713384,0.011462,0.157376,['com.example.robotinteractionOttimizzata'],True,False,False,True,True,False,False,False,"['*job*/com.samsung.android.scs/androidx.work.impl.background.systemjob.SystemJobService'
 '*job*/com.whatsapp/androidx.work.impl.background.systemjob.SystemJobService'
 'screen']"
1695995431137,1695995433864,2727,3814,2018,711.427301,2.713384,0.538906,7.399397,['com.example.robotinteractionOttimizzata'],True,False,False,True,True,False,False,False,"['*job*/com.whatsapp/androidx.work.impl.background.systemjob.SystemJobService'
 'screen']"
1695995433864,1695995433868,4,3814,2018,711.427301,2.713384,0.000790,0.010854,['com.example.robotinteractionOttimizzata'],True,False,False,True,True,False,False,False,"['*launch*'
 '*job*/com.whatsapp/androidx.work.impl.background.systemjob.SystemJobService'
 'screen']"
1695995433868,1695995433869,1,3814,2018,711.427301,2.713384,0.000198,0.002713,0.0,True,False,False,True,True,False,False,False,"['*launch*'
 '*job*/com.whatsapp/androidx.work.impl.background.systemjob.SystemJobService'
 'screen']"
1695995433869,1695995433963,94,3814,2018,711.427301,2.713384,0.018576,0.255058,['com.sec.android.app.launcher'],True,False,False,True,True,False,False,False,"['*launch*'
 '*job*/com.whatsapp/androidx.work.impl.background.systemjob.SystemJobService'
 'screen']"
1695995433963,1695995434258,295,3814,2018,711.427301,2.713384,0.058298,0.800448,['com.sec.android.app.launcher'],True,False,False,True,True,False,False,False,"['*job*/com.whatsapp/androidx.work.impl.background.systemjob.SystemJobService'
 'screen']"
1695995434258,1695995434259,1,3814,2018,711.427301,2.713384,0.000198,0.002713,['com.sec.android.app.launcher'],True,False,False,True,True,False,False,False,"['RILJ_ACK_WL'
 '*job*/com.whatsapp/androidx.work.impl.background.systemjob.SystemJobService'
 'screen']"
1695995434259,1695995434260,1,3814,2018,711.427301,2.713384,0.000198,0.002713,['com.sec.android.app.launcher'],True,False,False,True,True,False,False,False,"['*telephony-radio*' 'RILJ_ACK_WL'
 '*job*/com.whatsapp/androidx.work.impl.background.systemjob.SystemJobService'
 'screen']"
1695995434260,1695995434275,15,3814,2018,711.427301,2.713384,0.002964,0.040701,['com.sec.android.app.launcher'],True,False,False,True,True,False,False,False,"['*telephony-radio*' 'RILJ_ACK_WL'
 '*job*/com.whatsapp/androidx.work.impl.background.systemjob.SystemJobService'
 'screen']"
1695995434275,1695995434276,1,3814,2018,711.427301,2.713384,0.000198,0.002713,['com.sec.android.app.launcher'],True,False,False,True,True,False,False,False,"['*telephony-radio*' 'RILJ_ACK_WL'
 '*job*/com.whatsapp/androidx.work.impl.background.systemjob.SystemJobService'
 'screen']"
1695995434276,1695995434478,202,3814,2018,711.427301,2.713384,0.039919,0.548104,['com.sec.android.app.launcher'],True,False,False,True,True,False,False,False,"['RILJ_ACK_WL'
 '*job*/com.whatsapp/androidx.work.impl.background.systemjob.SystemJobService'
 'screen']"
